label,PAAC1,PAAC2,PAAC3,PAAC4,PAAC5,PAAC6,PAAC7,PAAC8,PAAC9,PAAC10,PAAC11,PAAC12,PAAC13,PAAC14,PAAC15,PAAC16,PAAC17,PAAC18,PAAC19,PAAC20,PAAC21,PAAC22,PAAC23,PAAC24,PAAC25
1,12.092,0.0,12.092,0.0,0.0,12.092,0.0,0.0,0.0,0.0,0.0,0.0,6.046,6.046,12.092,12.092,6.046,0.0,0.0,0.0,3.156,4.818,4.303,4.425,4.704
1,38.861,0.0,12.954,0.0,0.0,0.0,0.0,0.0,25.907,0.0,0.0,0.0,0.0,0.0,0.0,0.0,0.0,0.0,0.0,0.0,4.135,4.473,3.012,5.732,4.928
1,10.796,0.0,16.195,10.796,10.796,10.796,5.399,0.0,0.0,0.0,0.0,5.399,0.0,0.0,0.0,10.796,0.0,0.0,0.0,0.0,4.688,3.798,3.178,2.397,4.964
1,4.911,4.911,0.0,0.0,4.911,9.822,4.911,4.911,0.0,0.0,4.911,4.911,0.0,9.822,0.0,0.0,0.0,0.0,0.0,4.911,7.013,9.067,7.478,7.643,9.868
1,10.718,0.0,0.0,5.359,0.0,5.359,5.359,26.795,0.0,0.0,0.0,0.0,0.0,0.0,26.795,0.0,0.0,0.0,0.0,0.0,4.916,4.051,1.982,4.791,3.875
1,6.469,9.703,6.469,9.703,0.0,3.234,6.469,6.469,0.0,3.234,0.0,0.0,0.0,0.0,0.0,3.234,3.234,0.0,6.469,0.0,8.468,5.913,7.417,6.304,7.21
1,3.791,7.581,0.0,3.791,0.0,3.791,0.0,3.791,0.0,0.0,3.791,0.0,0.0,3.791,3.791,11.372,0.0,3.791,0.0,7.581,9.967,7.727,9.333,6.274,9.839
1,3.461,10.383,0.0,3.461,0.0,3.461,0.0,3.461,0.0,0.0,3.461,0.0,0.0,3.461,3.461,10.383,0.0,3.461,0.0,6.922,9.879,8.453,10.032,5.601,10.657
1,18.731,0.0,0.0,0.0,0.0,6.244,6.244,12.487,0.0,0.0,6.244,0.0,0.0,12.487,0.0,6.244,0.0,0.0,0.0,0.0,7.668,3.606,6.349,8.015,5.683
1,5.072,0.0,0.0,0.0,0.0,10.144,5.072,10.144,0.0,0.0,5.072,5.072,0.0,5.072,0.0,5.072,10.144,0.0,0.0,10.144,5.883,4.708,4.917,8.691,4.796
1,8.492,2.831,2.831,0.0,0.0,2.831,0.0,2.831,5.661,8.492,5.661,2.831,2.831,5.661,5.661,2.831,2.831,0.0,5.661,0.0,7.249,6.196,5.34,7.874,5.401
1,9.491,9.491,4.745,4.745,0.0,0.0,0.0,4.745,0.0,9.491,0.0,0.0,0.0,9.491,4.745,0.0,0.0,0.0,0.0,0.0,8.115,10.068,9.681,10.068,5.122
1,8.321,8.321,4.161,0.0,0.0,4.161,0.0,0.0,0.0,12.481,4.161,0.0,0.0,0.0,0.0,8.321,8.321,0.0,0.0,4.161,6.793,7.32,7.08,8.0,8.4
1,13.667,4.556,4.556,0.0,0.0,13.667,0.0,4.556,4.556,4.556,4.556,0.0,0.0,0.0,0.0,0.0,13.667,0.0,0.0,0.0,6.557,3.417,8.576,4.842,8.272
1,28.167,0.0,5.633,5.633,0.0,0.0,0.0,16.9,0.0,0.0,0.0,11.267,0.0,0.0,5.633,0.0,0.0,0.0,0.0,0.0,5.119,6.712,3.808,6.042,5.086
1,4.755,0.0,0.0,9.51,0.0,4.755,4.755,4.755,0.0,0.0,9.51,4.755,9.51,4.755,0.0,4.755,4.755,0.0,0.0,0.0,3.721,7.003,8.078,8.408,6.221
1,7.591,18.979,3.796,0.0,0.0,0.0,0.0,0.0,0.0,0.0,15.183,0.0,0.0,0.0,3.796,3.796,0.0,0.0,0.0,3.796,7.789,13.724,13.699,5.776,2.075
1,4.689,4.689,0.0,4.689,9.377,4.689,4.689,0.0,0.0,4.689,4.689,0.0,14.066,0.0,9.377,0.0,4.689,0.0,0.0,0.0,5.865,4.607,5.911,7.029,6.259
1,19.164,0.0,4.791,9.581,0.0,4.791,4.791,4.791,0.0,4.791,0.0,0.0,0.0,4.791,0.0,9.581,4.791,0.0,0.0,0.0,7.06,5.803,2.824,7.086,5.365
1,18.001,0.0,6.0,12.001,0.0,0.0,0.0,0.0,6.0,0.0,0.0,6.0,0.0,6.0,6.0,0.0,6.0,0.0,0.0,6.0,5.897,4.749,5.58,5.875,5.897
1,4.798,9.596,4.798,0.0,0.0,4.798,4.798,0.0,4.798,0.0,14.393,4.798,0.0,4.798,0.0,4.798,0.0,0.0,0.0,0.0,8.726,6.702,6.537,7.815,7.849
1,5.497,10.994,0.0,0.0,0.0,0.0,10.994,0.0,0.0,0.0,0.0,0.0,5.497,0.0,10.994,16.491,5.497,0.0,0.0,5.497,6.564,3.173,5.192,5.32,8.293
1,8.709,13.063,0.0,8.709,0.0,4.354,4.354,0.0,0.0,0.0,0.0,0.0,0.0,0.0,0.0,0.0,4.354,4.354,0.0,8.709,9.595,8.497,7.226,11.29,6.787
1,5.799,5.799,0.0,0.0,0.0,0.0,5.799,0.0,0.0,5.799,5.799,5.799,5.799,0.0,28.998,0.0,5.799,0.0,0.0,0.0,6.695,6.876,4.784,3.453,2.797
1,5.574,5.574,5.574,5.574,0.0,11.148,5.574,0.0,0.0,11.148,0.0,5.574,0.0,0.0,11.148,5.574,0.0,0.0,0.0,0.0,4.884,6.481,5.539,5.942,4.695
1,12.11,0.0,12.11,6.055,0.0,6.055,6.055,0.0,0.0,0.0,0.0,12.11,0.0,0.0,0.0,6.055,6.055,0.0,6.055,0.0,6.194,4.894,5.806,4.908,5.537
1,4.383,4.383,0.0,4.383,0.0,0.0,13.149,8.766,0.0,4.383,4.383,0.0,0.0,0.0,0.0,8.766,8.766,0.0,0.0,8.766,5.87,5.042,5.743,5.708,7.511
1,12.906,0.0,0.0,6.453,0.0,12.906,0.0,0.0,0.0,0.0,19.36,0.0,6.453,0.0,0.0,6.453,6.453,0.0,0.0,0.0,5.555,6.35,4.185,6.073,6.854
1,4.873,0.0,4.873,4.873,0.0,9.746,0.0,0.0,0.0,0.0,0.0,0.0,9.746,4.873,0.0,9.746,4.873,0.0,4.873,14.619,5.844,6.681,5.566,4.601,4.21
1,3.667,3.667,3.667,7.333,0.0,3.667,0.0,11.0,0.0,3.667,0.0,3.667,3.667,0.0,3.667,3.667,7.333,0.0,3.667,3.667,5.049,6.428,7.834,8.257,6.432
1,11.583,0.0,5.791,0.0,0.0,5.791,0.0,0.0,0.0,5.791,0.0,11.583,0.0,0.0,5.791,17.374,5.791,0.0,0.0,5.791,4.502,6.362,3.87,3.38,6.599
1,12.433,4.144,0.0,0.0,0.0,4.144,0.0,0.0,4.144,0.0,0.0,8.289,4.144,0.0,0.0,0.0,16.578,0.0,4.144,8.289,4.377,6.704,6.813,7.483,8.312
1,8.985,0.0,4.493,8.985,0.0,13.477,4.493,0.0,0.0,8.985,4.493,4.493,0.0,0.0,0.0,0.0,0.0,0.0,4.493,4.493,7.008,10.323,5.064,3.177,7.042
1,5.265,5.265,0.0,0.0,5.265,10.53,5.265,0.0,0.0,0.0,10.53,0.0,0.0,5.265,5.265,5.265,10.53,0.0,0.0,0.0,7.539,6.975,6.444,4.045,6.55
1,0.0,0.0,14.836,9.891,9.891,4.945,4.945,4.945,0.0,0.0,4.945,0.0,0.0,0.0,0.0,0.0,4.945,4.945,0.0,4.945,6.152,6.103,5.743,7.263,5.504
1,0.0,0.0,0.0,10.525,5.262,10.525,0.0,10.525,5.262,0.0,5.262,0.0,0.0,5.262,5.262,0.0,5.262,0.0,0.0,5.262,5.408,8.069,6.365,7.06,4.689
1,0.0,8.525,4.262,0.0,4.262,8.525,4.262,4.262,0.0,0.0,0.0,0.0,4.262,4.262,8.525,0.0,0.0,4.262,4.262,0.0,9.174,4.863,9.628,6.922,9.741
1,5.336,0.0,10.672,0.0,10.672,0.0,0.0,16.007,0.0,0.0,5.336,0.0,5.336,5.336,10.672,0.0,0.0,0.0,5.336,0.0,6.547,3.488,5.046,3.253,6.966
1,5.628,5.628,0.0,5.628,11.257,5.628,0.0,5.628,11.257,0.0,0.0,0.0,5.628,0.0,5.628,5.628,5.628,0.0,0.0,0.0,6.0,6.874,4.16,4.354,5.44
1,0.0,4.854,0.0,4.854,9.707,9.707,24.269,0.0,0.0,0.0,0.0,9.707,0.0,0.0,0.0,0.0,0.0,0.0,4.854,4.854,5.821,6.924,4.033,4.23,6.185
1,0.0,0.0,0.0,0.0,6.672,6.672,0.0,26.688,0.0,0.0,0.0,0.0,0.0,0.0,46.705,0.0,0.0,0.0,0.0,0.0,3.192,3.483,1.019,2.914,2.654
1,14.366,0.0,0.0,0.0,7.183,0.0,7.183,0.0,0.0,7.183,0.0,7.183,0.0,0.0,7.183,21.549,7.183,0.0,0.0,0.0,3.473,3.899,4.057,4.847,4.713
1,3.765,11.296,11.296,0.0,3.765,0.0,0.0,0.0,3.765,3.765,3.765,0.0,0.0,0.0,0.0,7.53,0.0,3.765,3.765,3.765,6.627,8.112,7.88,9.217,7.922
1,0.0,4.787,0.0,0.0,4.787,0.0,14.362,0.0,0.0,4.787,9.575,4.787,4.787,0.0,4.787,0.0,4.787,0.0,4.787,4.787,6.3,5.255,5.167,8.864,7.393
1,0.0,8.309,0.0,0.0,4.155,0.0,8.309,0.0,4.155,8.309,4.155,8.309,4.155,0.0,4.155,0.0,4.155,0.0,0.0,8.309,5.401,6.647,6.976,7.319,7.183
1,10.449,0.0,0.0,5.225,0.0,10.449,0.0,10.449,0.0,5.225,5.225,0.0,0.0,0.0,20.9,10.449,0.0,0.0,0.0,0.0,3.613,4.307,5.008,4.095,4.604
1,27.391,0.0,0.0,9.13,4.565,9.13,0.0,0.0,0.0,4.565,0.0,9.13,0.0,0.0,0.0,0.0,4.565,0.0,0.0,0.0,6.129,8.354,5.903,4.701,6.437
1,4.353,4.353,4.353,4.353,0.0,4.353,8.705,0.0,0.0,8.705,0.0,4.353,0.0,4.353,0.0,4.353,4.353,0.0,0.0,8.705,3.986,6.705,6.758,8.093,9.167
1,5.618,0.0,0.0,16.855,0.0,5.618,0.0,0.0,0.0,5.618,5.618,0.0,0.0,5.618,0.0,16.855,11.237,0.0,0.0,0.0,3.743,5.609,6.628,6.446,4.536
1,4.06,4.06,0.0,8.119,0.0,8.119,0.0,0.0,0.0,8.119,4.06,8.119,0.0,0.0,0.0,0.0,8.119,0.0,4.06,4.06,8.057,4.092,9.478,7.472,10.005
1,11.025,0.0,0.0,16.537,0.0,5.512,5.512,5.512,0.0,5.512,5.512,0.0,0.0,0.0,0.0,0.0,11.025,0.0,5.512,0.0,6.772,8.341,6.485,3.615,3.128
1,4.808,4.808,9.616,24.04,4.808,9.616,0.0,4.808,0.0,4.808,0.0,0.0,0.0,0.0,0.0,4.808,0.0,0.0,0.0,0.0,5.297,7.955,5.467,4.742,4.417
1,0.0,0.0,0.0,19.953,0.0,7.981,11.971,0.0,0.0,15.962,0.0,7.981,3.99,0.0,0.0,0.0,0.0,0.0,0.0,0.0,5.034,5.454,7.004,6.122,8.548
1,0.0,0.0,6.494,6.494,0.0,6.494,0.0,6.494,0.0,0.0,6.494,0.0,0.0,0.0,19.484,12.99,0.0,0.0,6.494,6.494,3.815,5.908,5.381,3.48,3.48
1,0.0,7.267,0.0,3.634,0.0,3.634,3.634,0.0,0.0,0.0,3.634,7.267,0.0,3.634,3.634,3.634,7.267,3.634,3.634,3.634,6.398,9.258,9.968,7.776,8.462
1,9.315,0.0,0.0,18.631,0.0,9.315,0.0,0.0,0.0,0.0,4.658,4.658,0.0,0.0,0.0,4.658,9.315,0.0,4.658,4.658,5.097,7.273,5.883,5.6,6.281
1,6.327,0.0,0.0,12.655,0.0,12.655,6.327,18.982,0.0,0.0,6.327,0.0,0.0,0.0,0.0,0.0,0.0,0.0,0.0,6.327,6.901,6.542,5.331,6.675,4.952
1,2.926,5.853,0.0,8.778,0.0,2.926,0.0,0.0,0.0,5.853,5.853,0.0,0.0,8.778,5.853,5.853,5.853,2.926,2.926,0.0,6.772,7.123,8.253,6.663,6.811
1,8.582,12.873,0.0,8.582,0.0,4.291,4.291,0.0,4.291,4.291,0.0,0.0,4.291,4.291,0.0,4.291,0.0,0.0,0.0,0.0,8.152,9.486,10.222,8.66,3.406
1,0.0,8.935,0.0,4.468,0.0,8.935,4.468,22.337,0.0,0.0,0.0,4.468,0.0,0.0,8.935,0.0,0.0,0.0,0.0,0.0,9.691,8.162,4.816,10.382,4.403
1,3.085,3.085,3.085,6.17,6.17,0.0,3.085,6.17,6.17,0.0,0.0,6.17,0.0,6.17,9.255,0.0,6.17,0.0,3.085,3.085,6.507,5.687,7.071,5.297,4.481
1,3.761,15.044,0.0,7.522,0.0,0.0,3.761,0.0,3.761,0.0,7.522,15.044,0.0,0.0,0.0,0.0,0.0,0.0,0.0,3.761,7.712,8.87,5.362,8.888,8.993
1,0.0,0.0,5.145,10.289,0.0,0.0,5.145,0.0,5.145,0.0,5.145,0.0,0.0,0.0,0.0,10.289,10.289,5.145,0.0,15.434,6.187,4.869,5.103,6.914,4.905
1,0.0,5.046,0.0,10.093,0.0,5.046,5.046,0.0,0.0,5.046,0.0,5.046,0.0,0.0,5.046,0.0,0.0,10.093,10.093,0.0,8.1,11.455,10.468,3.809,5.611
1,5.311,5.311,0.0,5.311,0.0,0.0,0.0,0.0,0.0,10.622,10.622,5.311,0.0,5.311,0.0,0.0,5.311,0.0,5.311,0.0,7.39,7.647,8.807,8.477,9.257
1,0.0,0.0,0.0,24.98,0.0,4.996,0.0,0.0,0.0,4.996,4.996,0.0,0.0,4.996,0.0,4.996,4.996,0.0,4.996,4.996,6.384,4.991,7.68,8.521,7.475
1,0.0,0.0,10.171,10.171,0.0,10.171,0.0,0.0,0.0,5.085,15.256,0.0,0.0,5.085,5.085,0.0,10.171,0.0,0.0,0.0,6.351,5.414,4.713,6.586,5.742
1,0.0,5.417,5.417,5.417,0.0,10.834,0.0,0.0,0.0,10.834,10.834,5.417,0.0,0.0,5.417,0.0,0.0,0.0,5.417,0.0,10.173,4.251,9.299,5.824,5.447
1,4.48,0.0,8.96,8.96,0.0,8.96,4.48,0.0,0.0,4.48,0.0,0.0,0.0,4.48,4.48,4.48,4.48,4.48,0.0,4.48,5.695,6.36,5.262,7.184,8.299
1,0.0,6.363,6.363,12.726,0.0,6.363,12.726,0.0,12.726,6.363,0.0,0.0,0.0,6.363,6.363,0.0,0.0,0.0,0.0,0.0,3.631,4.222,3.825,5.31,6.658
1,0.0,7.97,2.657,7.97,0.0,7.97,2.657,0.0,2.657,5.313,0.0,10.626,0.0,5.313,0.0,2.657,5.313,0.0,2.657,0.0,7.319,6.235,6.672,9.458,6.557
1,4.692,18.77,4.692,4.692,0.0,0.0,0.0,0.0,0.0,0.0,14.078,0.0,0.0,0.0,0.0,0.0,0.0,0.0,4.692,4.692,8.945,13.791,11.806,3.393,5.755
1,0.0,0.0,0.0,14.58,0.0,0.0,3.645,3.645,0.0,10.936,0.0,18.226,0.0,3.645,3.645,3.645,0.0,0.0,3.645,0.0,7.385,5.754,6.666,6.407,8.175
1,4.364,0.0,4.364,4.364,0.0,0.0,4.364,8.727,0.0,4.364,0.0,4.364,4.364,4.364,0.0,13.091,4.364,4.364,0.0,0.0,7.439,7.4,5.969,8.228,5.511
1,0.0,7.561,3.781,7.561,0.0,0.0,0.0,3.781,0.0,3.781,7.561,0.0,0.0,0.0,3.781,3.781,3.781,3.781,3.781,3.781,9.76,7.945,11.019,6.173,8.391
1,4.782,0.0,0.0,9.563,4.782,9.563,4.782,0.0,0.0,9.563,14.345,0.0,0.0,0.0,4.782,4.782,4.782,0.0,0.0,0.0,4.73,6.021,7.226,5.34,4.956
1,4.157,0.0,4.157,4.157,0.0,4.157,8.314,0.0,4.157,0.0,0.0,0.0,0.0,12.47,0.0,8.314,8.314,0.0,12.47,0.0,5.088,5.795,5.434,6.823,6.194
1,4.681,9.36,4.681,4.681,4.681,0.0,0.0,14.041,0.0,0.0,0.0,0.0,0.0,0.0,18.722,4.681,4.681,0.0,0.0,0.0,6.792,6.901,4.774,6.178,5.15
1,3.986,7.972,3.986,11.959,0.0,0.0,7.972,0.0,0.0,11.959,0.0,3.986,0.0,0.0,0.0,0.0,0.0,0.0,3.986,3.986,6.799,7.983,9.292,9.63,6.503
1,5.131,20.523,0.0,0.0,0.0,15.392,5.131,10.262,0.0,0.0,0.0,5.131,0.0,0.0,0.0,0.0,5.131,0.0,0.0,0.0,3.859,7.324,7.017,6.47,8.631
1,10.581,10.581,5.29,0.0,0.0,5.29,5.29,5.29,0.0,0.0,5.29,15.872,0.0,0.0,0.0,0.0,0.0,0.0,0.0,0.0,8.45,5.892,9.869,4.79,7.514
1,9.455,4.728,0.0,0.0,0.0,18.911,0.0,0.0,4.728,0.0,0.0,4.728,0.0,0.0,4.728,9.455,4.728,0.0,9.455,0.0,5.581,6.574,6.092,5.046,5.794
1,9.512,4.756,0.0,4.756,0.0,14.268,0.0,0.0,4.756,4.756,0.0,0.0,0.0,0.0,0.0,14.268,9.512,0.0,0.0,4.756,6.613,7.534,4.819,5.201,4.491
1,0.0,11.335,0.0,5.667,11.335,17.003,11.335,0.0,0.0,0.0,5.667,0.0,0.0,0.0,0.0,0.0,0.0,0.0,0.0,5.667,5.56,7.573,4.992,5.216,8.648
1,9.998,4.999,4.999,0.0,4.999,4.999,0.0,0.0,0.0,0.0,9.998,4.999,0.0,4.999,0.0,0.0,0.0,0.0,9.998,0.0,9.412,5.618,10.062,6.061,8.863
1,5.012,5.012,0.0,0.0,5.012,10.025,0.0,5.012,0.0,0.0,5.012,0.0,0.0,0.0,0.0,0.0,5.012,15.037,0.0,0.0,8.571,6.889,7.518,10.589,11.3
1,0.0,0.0,5.206,10.412,0.0,5.206,0.0,0.0,5.206,5.206,10.412,0.0,0.0,5.206,10.412,10.412,10.412,0.0,0.0,0.0,5.72,3.233,4.713,3.838,4.408
1,6.946,0.0,0.0,13.893,0.0,27.784,0.0,0.0,0.0,0.0,0.0,0.0,0.0,0.0,0.0,20.839,13.893,0.0,0.0,0.0,2.146,3.693,4.043,3.843,2.922
1,0.0,8.916,0.0,4.458,4.458,13.374,8.916,0.0,0.0,0.0,4.458,4.458,0.0,0.0,4.458,0.0,4.458,0.0,8.916,0.0,6.222,6.727,6.928,5.65,7.603
1,0.0,0.0,0.0,5.347,5.347,10.694,0.0,0.0,0.0,0.0,5.347,10.694,0.0,5.347,0.0,10.694,5.347,0.0,0.0,10.694,9.318,4.184,6.784,4.209,5.995
1,5.371,0.0,5.371,0.0,5.371,10.743,0.0,16.114,0.0,10.743,5.371,0.0,0.0,0.0,0.0,0.0,5.371,0.0,5.371,0.0,5.562,6.243,4.762,7.087,6.518
1,2.774,5.548,11.095,8.321,0.0,8.321,2.774,2.774,0.0,5.548,0.0,2.774,0.0,5.548,2.774,0.0,0.0,0.0,5.548,0.0,7.187,5.646,8.476,8.137,6.756
1,0.0,3.549,7.098,10.647,0.0,7.098,0.0,3.549,3.549,0.0,3.549,7.098,0.0,0.0,3.549,0.0,0.0,3.549,10.647,0.0,8.573,8.078,5.107,7.895,6.468
1,4.343,0.0,0.0,0.0,0.0,4.343,4.343,4.343,4.343,4.343,0.0,8.685,4.343,4.343,4.343,0.0,4.343,0.0,8.685,4.343,5.302,7.36,6.895,8.315,6.992
1,4.034,4.034,0.0,0.0,0.0,12.1,0.0,4.034,0.0,4.034,12.1,12.1,0.0,0.0,0.0,4.034,0.0,0.0,0.0,4.034,9.338,6.307,10.128,6.492,7.233
1,4.081,4.081,0.0,4.081,0.0,8.162,0.0,0.0,0.0,4.081,4.081,8.162,0.0,4.081,4.081,8.162,4.081,0.0,0.0,4.081,4.576,8.974,10.447,8.604,6.183
1,4.13,0.0,0.0,4.13,0.0,16.52,0.0,8.26,0.0,0.0,0.0,8.26,0.0,4.13,0.0,0.0,4.13,0.0,4.13,8.26,6.402,7.629,8.521,7.985,7.514
1,0.0,0.0,0.0,0.0,0.0,10.035,0.0,15.052,0.0,5.017,0.0,10.035,0.0,5.017,0.0,0.0,10.035,0.0,5.017,5.017,7.83,8.287,5.593,6.861,6.206
1,0.0,0.0,5.389,5.389,0.0,10.778,5.389,0.0,0.0,0.0,5.389,32.335,0.0,0.0,5.389,0.0,5.389,0.0,0.0,5.389,2.894,2.882,3.444,5.275,4.668
1,0.0,4.726,4.726,0.0,0.0,9.452,4.726,4.726,0.0,0.0,0.0,4.726,0.0,0.0,0.0,4.726,0.0,4.726,0.0,14.178,6.865,8.535,8.115,10.004,9.769
1,7.143,0.0,14.286,3.572,0.0,21.429,3.572,3.572,0.0,3.572,7.143,3.572,0.0,0.0,0.0,0.0,3.572,0.0,0.0,0.0,5.625,5.311,6.675,4.114,6.843
1,0.0,0.0,0.0,0.0,0.0,15.804,0.0,0.0,0.0,10.536,10.536,5.268,0.0,0.0,0.0,10.536,10.536,0.0,0.0,10.536,5.118,6.8,5.0,5.092,4.241
1,0.0,0.0,0.0,0.0,0.0,11.169,0.0,5.584,11.169,0.0,16.754,5.584,5.584,0.0,0.0,0.0,5.584,0.0,5.584,0.0,6.413,5.549,6.705,7.77,6.547
1,5.317,0.0,0.0,15.95,0.0,15.95,5.317,0.0,0.0,0.0,0.0,0.0,5.317,0.0,0.0,10.633,10.633,0.0,5.317,0.0,5.303,5.426,4.964,6.799,3.078
1,5.3,0.0,5.3,10.6,0.0,10.6,0.0,0.0,5.3,5.3,5.3,5.3,5.3,0.0,0.0,5.3,0.0,0.0,5.3,0.0,6.976,7.413,4.902,8.619,3.193
1,7.923,3.962,7.923,0.0,0.0,7.923,3.962,0.0,0.0,3.962,7.923,0.0,3.962,3.962,3.962,3.962,0.0,3.962,0.0,0.0,8.507,7.835,4.649,7.679,7.942
1,0.0,0.0,24.422,4.885,0.0,9.768,0.0,4.885,4.885,0.0,0.0,4.885,0.0,4.885,9.768,0.0,0.0,0.0,4.885,0.0,4.506,4.352,5.92,5.18,6.777
1,0.0,4.192,8.383,4.192,0.0,8.383,0.0,16.766,4.192,8.383,0.0,4.192,0.0,0.0,4.192,0.0,4.192,0.0,0.0,0.0,6.653,6.546,6.348,6.958,6.431
1,5.157,0.0,20.626,0.0,0.0,10.313,5.157,0.0,0.0,10.313,0.0,10.313,0.0,0.0,0.0,10.313,0.0,0.0,0.0,0.0,5.108,5.768,5.71,5.775,5.447
1,5.251,5.251,15.754,5.251,0.0,5.251,5.251,5.251,0.0,0.0,0.0,5.251,0.0,5.251,0.0,5.251,0.0,0.0,0.0,5.251,4.929,6.083,5.694,8.428,6.598
1,4.642,0.0,4.642,0.0,0.0,13.924,4.642,0.0,4.642,4.642,0.0,4.642,0.0,4.642,0.0,9.283,4.642,0.0,4.642,4.642,7.321,4.891,8.219,3.248,6.701
1,0.0,0.0,9.961,9.961,0.0,9.961,0.0,0.0,4.981,9.961,0.0,4.981,0.0,0.0,0.0,14.942,4.981,0.0,0.0,4.981,6.201,5.603,5.383,3.033,5.069
1,4.84,0.0,14.519,9.679,0.0,4.84,0.0,4.84,0.0,0.0,4.84,0.0,0.0,4.84,4.84,4.84,9.679,0.0,4.84,0.0,6.515,4.933,3.866,6.733,5.358
1,0.0,0.0,5.46,5.46,0.0,16.382,0.0,0.0,0.0,5.46,10.921,5.46,0.0,5.46,5.46,10.921,0.0,0.0,0.0,0.0,4.948,8.22,8.348,5.015,2.481
1,0.0,7.722,0.0,0.0,0.0,7.722,3.861,3.861,0.0,0.0,3.861,3.861,3.861,3.861,23.165,0.0,0.0,0.0,0.0,0.0,5.031,7.904,9.114,8.963,7.215
1,0.0,3.592,0.0,0.0,10.777,10.777,14.369,0.0,0.0,0.0,0.0,3.592,0.0,3.592,7.185,7.185,10.777,3.592,0.0,0.0,4.888,6.322,4.549,4.157,4.647
1,5.79,0.0,0.0,0.0,0.0,17.371,11.581,0.0,0.0,5.79,0.0,5.79,0.0,0.0,11.581,0.0,0.0,0.0,5.79,5.79,6.601,6.323,5.413,3.954,8.227
1,3.258,3.258,0.0,3.258,0.0,3.258,13.032,3.258,6.516,3.258,9.774,6.516,3.258,0.0,0.0,0.0,3.258,3.258,0.0,0.0,8.68,6.659,5.2,8.657,5.643
1,0.0,3.159,3.159,3.159,0.0,3.159,12.634,3.159,6.317,6.317,9.476,6.317,0.0,0.0,0.0,0.0,0.0,3.159,0.0,3.159,6.586,7.347,7.23,7.438,8.228
1,5.836,11.672,0.0,0.0,0.0,5.836,17.507,0.0,5.836,0.0,0.0,5.836,0.0,5.836,0.0,0.0,5.836,0.0,0.0,0.0,4.436,6.747,5.822,7.793,11.009
1,10.049,0.0,0.0,5.025,0.0,5.025,5.025,5.025,0.0,5.025,5.025,5.025,0.0,0.0,0.0,5.025,10.049,0.0,5.025,5.025,5.564,5.596,5.258,8.051,5.188
1,5.907,0.0,5.907,0.0,0.0,5.907,11.813,0.0,0.0,5.907,0.0,0.0,0.0,5.907,5.907,0.0,5.907,11.813,0.0,0.0,5.285,6.448,7.261,9.278,6.757
1,8.554,8.554,0.0,0.0,0.0,12.831,4.277,4.277,0.0,4.277,0.0,4.277,0.0,0.0,4.277,0.0,8.554,0.0,0.0,4.277,7.323,7.176,4.828,7.602,8.914
1,3.781,7.561,7.561,11.342,0.0,7.561,0.0,0.0,0.0,0.0,0.0,3.781,0.0,7.561,0.0,0.0,0.0,3.781,0.0,3.781,8.13,9.474,8.609,7.415,9.661
1,0.0,8.178,8.178,0.0,0.0,16.356,0.0,4.089,0.0,0.0,8.178,0.0,0.0,0.0,4.089,8.178,4.089,4.089,0.0,0.0,7.982,5.313,8.054,7.943,5.283
1,4.738,4.738,0.0,9.476,4.738,4.738,0.0,4.738,4.738,4.738,0.0,4.738,0.0,0.0,0.0,9.476,9.476,0.0,0.0,0.0,5.383,7.91,7.943,6.852,5.579
1,0.0,7.93,0.0,3.965,0.0,11.896,3.965,3.965,7.93,0.0,0.0,0.0,0.0,0.0,7.93,3.965,3.965,3.965,0.0,3.965,7.493,9.434,7.547,5.932,6.151
1,5.577,0.0,0.0,0.0,0.0,11.154,5.577,0.0,0.0,5.577,0.0,5.577,0.0,11.154,0.0,16.73,5.577,0.0,0.0,0.0,6.709,7.937,5.086,5.635,7.713
1,0.0,0.0,10.828,10.828,0.0,5.414,0.0,0.0,5.414,10.828,0.0,0.0,0.0,0.0,0.0,16.241,10.828,0.0,0.0,5.414,3.581,4.506,5.98,5.309,4.832
1,7.0,7.0,0.0,0.0,0.0,3.5,10.501,7.0,0.0,0.0,14.001,3.5,0.0,0.0,7.0,3.5,7.0,0.0,0.0,0.0,6.276,7.364,6.37,4.708,5.278
1,0.0,0.0,5.455,5.455,5.455,10.91,10.91,0.0,5.455,0.0,10.91,0.0,0.0,5.455,0.0,10.91,5.455,0.0,0.0,0.0,5.147,4.384,4.849,3.162,6.09
1,0.0,4.202,0.0,0.0,0.0,4.202,16.81,8.405,0.0,0.0,8.405,0.0,4.202,0.0,8.405,4.202,12.608,0.0,0.0,0.0,5.562,5.473,5.087,5.555,6.88
1,4.605,4.605,0.0,4.605,0.0,18.42,0.0,0.0,0.0,9.21,0.0,9.21,0.0,0.0,0.0,9.21,9.21,0.0,0.0,0.0,7.809,4.783,7.388,7.857,3.088
1,0.0,0.0,0.0,0.0,5.817,17.453,0.0,0.0,0.0,5.817,0.0,0.0,0.0,0.0,5.817,11.635,5.817,0.0,0.0,23.27,4.681,5.668,5.793,3.558,4.67
1,5.547,0.0,0.0,5.547,0.0,5.547,0.0,0.0,0.0,0.0,11.095,11.095,0.0,0.0,0.0,0.0,22.189,0.0,5.547,5.547,5.935,6.216,5.56,6.205,3.97
1,13.616,0.0,0.0,9.077,0.0,4.539,0.0,0.0,4.539,4.539,0.0,4.539,0.0,4.539,4.539,0.0,4.539,0.0,4.539,9.077,6.151,6.096,6.056,6.93,6.689
1,5.958,0.0,5.958,11.917,0.0,11.917,0.0,0.0,0.0,0.0,5.958,0.0,0.0,5.958,5.958,0.0,5.958,0.0,5.958,5.958,6.006,7.447,6.024,4.744,4.279
1,22.303,0.0,5.576,0.0,0.0,5.576,0.0,0.0,0.0,0.0,0.0,11.152,0.0,5.576,0.0,16.727,0.0,0.0,0.0,5.576,5.984,5.219,5.494,5.052,5.766
1,6.484,0.0,19.452,0.0,0.0,6.484,12.968,0.0,0.0,0.0,12.968,0.0,0.0,6.484,0.0,12.968,0.0,0.0,0.0,0.0,4.964,4.276,4.381,3.719,4.851
1,9.354,4.677,9.354,0.0,0.0,4.677,4.677,0.0,4.677,0.0,4.677,0.0,0.0,9.354,4.677,9.354,0.0,0.0,0.0,4.677,7.146,4.315,6.009,5.949,6.423
1,0.0,4.444,4.444,4.444,0.0,4.444,4.444,8.887,0.0,4.444,4.444,0.0,0.0,8.887,0.0,8.887,4.444,0.0,4.444,0.0,5.036,8.535,7.759,6.012,6.002
1,0.0,0.0,6.236,0.0,0.0,6.236,0.0,0.0,6.236,6.236,12.471,12.471,0.0,12.471,0.0,0.0,6.236,0.0,0.0,0.0,6.064,7.511,7.459,4.417,5.957
1,0.0,0.0,0.0,5.215,0.0,0.0,5.215,26.073,0.0,5.215,5.215,5.215,0.0,5.215,5.215,0.0,10.43,0.0,0.0,0.0,5.501,4.369,5.465,5.37,6.289
1,0.0,3.882,0.0,3.882,0.0,11.645,7.763,0.0,0.0,11.645,7.763,0.0,0.0,7.763,0.0,0.0,0.0,0.0,7.763,0.0,8.344,6.878,8.937,5.649,8.083
1,0.0,6.08,6.08,3.04,0.0,15.201,0.0,0.0,3.04,6.08,0.0,3.04,3.04,3.04,6.08,0.0,3.04,0.0,3.04,9.12,6.359,6.37,5.237,6.157,5.954
1,0.0,4.512,0.0,4.512,0.0,0.0,0.0,9.023,0.0,4.512,4.512,0.0,0.0,4.512,13.535,0.0,9.023,0.0,0.0,13.535,5.949,6.568,7.437,6.595,5.776
1,0.0,0.0,4.234,8.469,0.0,0.0,12.703,0.0,0.0,4.234,8.469,4.234,4.234,4.234,4.234,0.0,4.234,0.0,0.0,12.703,5.917,3.484,6.475,5.1,7.037
1,4.113,4.113,4.113,0.0,0.0,4.113,0.0,8.226,0.0,4.113,0.0,4.113,0.0,4.113,4.113,12.339,20.565,0.0,0.0,0.0,6.922,4.298,5.689,3.32,5.738
1,0.0,12.716,6.358,6.358,0.0,0.0,0.0,0.0,3.179,3.179,6.358,3.179,3.179,3.179,0.0,3.179,3.179,0.0,3.179,3.179,8.106,9.45,5.318,7.931,8.794
1,5.084,10.169,5.084,0.0,0.0,0.0,0.0,5.084,0.0,0.0,5.084,0.0,0.0,5.084,5.084,5.084,0.0,5.084,0.0,5.084,10.235,10.45,6.675,10.652,6.06
1,0.0,0.0,0.0,8.555,0.0,4.278,0.0,0.0,0.0,0.0,4.278,8.555,0.0,8.555,0.0,8.555,8.555,4.278,0.0,8.555,8.136,7.607,7.85,4.257,7.985
1,0.0,0.0,3.568,7.135,0.0,3.568,10.703,0.0,0.0,0.0,7.135,3.568,3.568,3.568,3.568,3.568,10.703,3.568,3.568,3.568,6.072,4.88,6.818,5.287,5.59
1,0.0,11.266,0.0,0.0,0.0,0.0,5.632,0.0,0.0,0.0,0.0,0.0,0.0,11.266,5.632,11.266,11.266,0.0,11.266,0.0,6.002,5.309,6.905,7.929,6.262
1,0.0,4.443,4.443,4.443,0.0,0.0,4.443,4.443,0.0,4.443,4.443,4.443,0.0,4.443,4.443,8.885,4.443,0.0,4.443,4.443,5.011,4.621,6.127,7.726,9.879
1,36.495,6.083,0.0,0.0,0.0,0.0,6.083,6.083,0.0,0.0,0.0,0.0,0.0,0.0,0.0,6.083,0.0,0.0,0.0,6.083,3.111,6.988,8.414,8.621,5.958
1,12.864,0.0,0.0,6.432,6.432,0.0,6.432,6.432,0.0,0.0,0.0,0.0,0.0,0.0,0.0,19.296,6.432,6.432,0.0,0.0,6.881,5.596,6.254,4.733,5.784
1,0.0,0.0,0.0,4.87,0.0,19.478,4.87,4.87,0.0,9.739,0.0,9.739,0.0,0.0,0.0,0.0,19.478,0.0,0.0,0.0,6.662,4.711,5.843,4.291,5.449
1,4.222,0.0,4.222,4.222,0.0,8.444,0.0,8.444,4.222,4.222,0.0,12.666,0.0,8.444,0.0,0.0,0.0,0.0,4.222,0.0,9.161,8.556,8.534,5.101,5.317
1,0.0,0.0,0.0,5.006,0.0,5.006,0.0,25.032,0.0,0.0,0.0,0.0,10.013,5.006,0.0,0.0,5.006,0.0,10.013,0.0,5.861,5.796,6.476,8.458,8.327
1,5.109,0.0,0.0,5.109,0.0,5.109,0.0,15.328,0.0,5.109,0.0,10.219,0.0,5.109,0.0,5.109,0.0,0.0,5.109,0.0,7.784,10.727,7.462,6.8,5.914
1,11.715,0.0,5.857,5.857,5.857,0.0,0.0,23.43,0.0,0.0,5.857,0.0,0.0,0.0,11.715,0.0,0.0,0.0,5.857,0.0,4.569,5.102,3.96,5.326,4.896
1,8.689,0.0,4.344,4.344,0.0,8.689,0.0,13.033,4.344,0.0,4.344,8.689,0.0,0.0,13.033,4.344,0.0,0.0,0.0,0.0,3.464,4.154,4.664,7.223,6.643
1,14.583,0.0,0.0,0.0,0.0,9.722,0.0,9.722,0.0,14.583,0.0,9.722,0.0,0.0,0.0,0.0,0.0,0.0,0.0,4.861,7.482,9.915,5.125,3.611,10.673
1,0.0,10.972,0.0,5.486,0.0,10.972,0.0,5.486,0.0,16.458,0.0,5.486,5.486,0.0,0.0,0.0,0.0,0.0,0.0,0.0,7.178,10.15,7.628,8.768,5.929
1,0.0,0.0,0.0,6.738,6.738,0.0,0.0,6.738,6.738,6.738,0.0,13.477,0.0,0.0,0.0,6.738,20.215,0.0,0.0,0.0,4.425,6.801,5.689,4.169,4.796
1,0.0,5.396,5.396,0.0,0.0,10.792,0.0,8.094,2.698,2.698,2.698,5.396,0.0,2.698,2.698,0.0,0.0,2.698,8.094,0.0,6.037,8.218,7.921,8.755,9.711
1,6.656,0.0,3.328,0.0,0.0,16.639,3.328,6.656,0.0,3.328,3.328,3.328,3.328,6.656,3.328,13.312,0.0,0.0,0.0,0.0,5.118,5.773,6.004,4.872,5.019
1,5.973,0.0,0.0,5.973,0.0,5.973,0.0,29.866,0.0,0.0,0.0,5.973,0.0,0.0,23.893,0.0,0.0,0.0,0.0,0.0,4.799,4.725,1.833,5.156,5.836
1,0.0,0.0,0.0,0.0,0.0,5.579,0.0,27.895,0.0,0.0,0.0,5.579,0.0,0.0,33.474,0.0,0.0,0.0,0.0,5.579,4.518,4.304,2.902,5.147,5.022
1,0.0,6.645,3.323,6.645,0.0,3.323,9.968,3.323,3.323,6.645,0.0,3.323,0.0,0.0,3.323,3.323,9.968,0.0,3.323,3.323,5.407,6.81,5.704,5.397,6.911
1,0.0,10.427,3.476,6.951,0.0,3.476,3.476,3.476,3.476,6.951,0.0,3.476,0.0,0.0,0.0,3.476,10.427,0.0,3.476,3.476,6.01,7.799,6.581,6.036,7.535
1,5.158,10.316,0.0,5.158,0.0,0.0,0.0,15.474,0.0,0.0,5.158,0.0,0.0,0.0,0.0,5.158,0.0,0.0,5.158,5.158,10.726,5.237,7.43,8.201,11.671
1,10.509,0.0,0.0,10.509,0.0,5.255,0.0,5.255,0.0,0.0,15.764,0.0,5.255,0.0,0.0,15.764,5.255,0.0,0.0,0.0,5.355,4.039,4.62,5.947,6.477
1,0.0,0.0,0.0,3.988,0.0,0.0,0.0,15.949,3.988,3.988,19.936,3.988,3.988,0.0,0.0,7.974,0.0,0.0,3.988,3.988,4.826,6.147,5.978,4.543,6.736
1,0.0,0.0,11.32,0.0,0.0,5.66,5.66,5.66,5.66,5.66,11.32,0.0,5.66,0.0,0.0,16.98,0.0,0.0,0.0,5.66,3.887,4.766,4.687,3.692,3.732
1,11.467,0.0,11.467,5.733,0.0,0.0,0.0,11.467,0.0,0.0,0.0,11.467,0.0,0.0,0.0,11.467,11.467,0.0,0.0,0.0,3.354,3.816,5.243,7.04,6.015
1,0.0,4.452,4.452,0.0,0.0,8.903,0.0,4.452,0.0,0.0,8.903,0.0,0.0,0.0,8.903,4.452,8.903,0.0,4.452,8.903,7.95,4.501,8.771,4.541,7.462
1,5.339,0.0,5.339,0.0,0.0,0.0,5.339,16.016,0.0,0.0,0.0,10.678,5.339,5.339,0.0,5.339,10.678,0.0,0.0,0.0,5.788,8.144,6.628,6.552,3.484
1,9.269,9.269,4.635,4.635,9.269,0.0,4.635,9.269,0.0,0.0,0.0,0.0,0.0,0.0,4.635,9.269,4.635,0.0,0.0,0.0,5.985,7.466,6.124,4.4,6.507
1,0.0,4.498,4.498,0.0,0.0,0.0,0.0,4.498,4.498,4.498,4.498,4.498,0.0,4.498,4.498,0.0,13.493,0.0,8.995,4.498,5.509,6.929,9.378,6.264,4.456
1,4.071,4.071,0.0,4.071,0.0,8.142,4.071,4.071,0.0,0.0,0.0,0.0,0.0,4.071,0.0,4.071,8.142,4.071,0.0,12.213,8.745,7.032,7.105,8.519,7.533
1,0.0,0.0,7.946,0.0,0.0,0.0,3.973,15.892,0.0,3.973,3.973,3.973,0.0,0.0,0.0,15.892,3.973,3.973,0.0,3.973,4.316,6.987,7.183,7.17,6.802
1,0.0,0.0,4.636,0.0,0.0,4.636,9.271,13.907,0.0,0.0,4.636,0.0,0.0,9.271,0.0,4.636,0.0,0.0,13.907,0.0,5.941,7.57,5.568,7.502,8.521
1,7.954,3.977,3.977,0.0,0.0,15.907,3.977,7.954,3.977,0.0,3.977,0.0,0.0,0.0,0.0,3.977,7.954,0.0,3.977,0.0,6.98,5.212,5.662,6.003,8.535
1,0.0,3.914,0.0,0.0,0.0,11.742,3.914,3.914,7.828,0.0,7.828,0.0,3.914,7.828,7.828,0.0,0.0,3.914,3.914,0.0,6.63,7.845,7.429,7.455,4.105
1,0.0,4.247,0.0,0.0,0.0,8.494,4.247,4.247,8.494,0.0,8.494,0.0,4.247,8.494,8.494,0.0,0.0,4.247,4.247,0.0,5.949,7.787,6.092,6.408,5.813
1,4.926,0.0,9.851,4.926,4.926,4.926,0.0,0.0,4.926,9.851,9.851,0.0,0.0,9.851,0.0,0.0,9.851,0.0,0.0,0.0,3.498,5.578,5.456,4.932,6.65
1,0.0,6.683,10.025,6.683,0.0,0.0,0.0,6.683,3.342,3.342,3.342,6.683,0.0,0.0,0.0,3.342,3.342,3.342,3.342,0.0,9.097,6.352,8.55,8.631,7.221
1,0.0,7.423,7.423,7.423,0.0,0.0,0.0,7.423,3.711,0.0,3.711,7.423,0.0,0.0,0.0,3.711,3.711,3.711,3.711,0.0,8.89,5.101,9.379,9.273,7.975
1,0.0,0.0,3.59,3.59,7.181,3.59,3.59,7.181,7.181,3.59,0.0,10.771,3.59,0.0,3.59,3.59,3.59,0.0,7.181,0.0,6.836,5.249,4.736,7.166,4.208
1,0.0,6.279,12.56,3.14,0.0,0.0,0.0,6.279,3.14,3.14,3.14,6.279,0.0,0.0,0.0,3.14,3.14,6.279,3.14,0.0,8.045,9.235,5.697,8.2,9.166
1,5.392,0.0,0.0,5.392,0.0,5.392,5.392,0.0,10.784,0.0,5.392,5.392,0.0,10.784,0.0,0.0,0.0,0.0,0.0,10.784,4.639,7.282,7.412,8.237,7.726
1,0.0,0.0,7.755,3.878,0.0,0.0,7.755,3.878,7.755,7.755,0.0,3.878,0.0,0.0,0.0,3.878,7.755,3.878,0.0,11.632,6.739,5.2,7.06,4.505,6.704
1,0.0,7.905,3.953,11.858,0.0,3.953,0.0,11.858,3.953,7.905,0.0,3.953,3.953,0.0,3.953,0.0,0.0,0.0,0.0,0.0,7.406,7.902,8.55,7.466,5.436
1,0.0,0.0,6.404,0.0,6.404,0.0,6.404,6.404,12.808,6.404,0.0,6.404,6.404,0.0,0.0,0.0,12.808,0.0,6.404,0.0,3.931,4.307,5.076,4.496,5.341
1,0.0,6.262,3.131,9.393,0.0,3.131,0.0,9.393,3.131,6.262,0.0,3.131,6.262,0.0,3.131,0.0,3.131,3.131,0.0,3.131,8.047,6.547,7.987,7.856,6.942
1,0.0,12.932,4.311,0.0,0.0,0.0,0.0,4.311,4.311,4.311,0.0,25.865,0.0,0.0,0.0,4.311,4.311,0.0,0.0,0.0,7.504,6.434,5.603,10.191,5.606
1,4.469,0.0,8.94,4.469,4.469,13.409,0.0,0.0,4.469,0.0,0.0,17.879,0.0,0.0,4.469,4.469,8.94,0.0,0.0,0.0,3.051,4.248,5.319,6.698,4.7
1,0.0,12.005,4.001,0.0,0.0,0.0,12.005,0.0,8.003,4.001,4.001,12.005,0.0,0.0,4.001,4.001,4.001,0.0,0.0,0.0,6.486,8.612,5.585,5.568,5.721
1,0.0,0.0,0.0,6.985,0.0,0.0,13.972,0.0,13.972,0.0,13.972,0.0,0.0,0.0,20.957,6.985,6.985,0.0,0.0,0.0,2.947,2.871,3.219,3.575,3.559
1,0.0,5.564,0.0,0.0,0.0,0.0,5.564,5.564,5.564,5.564,0.0,16.693,0.0,0.0,16.693,0.0,0.0,0.0,0.0,5.564,9.204,6.333,5.295,5.365,7.031
1,0.0,5.975,5.975,0.0,0.0,5.975,0.0,0.0,5.975,5.975,0.0,17.924,0.0,0.0,0.0,11.95,0.0,0.0,0.0,5.975,8.485,3.947,9.227,5.485,7.134
1,0.0,3.527,7.053,10.58,0.0,3.527,0.0,3.527,3.527,0.0,7.053,7.053,0.0,0.0,3.527,0.0,0.0,3.527,10.58,0.0,10.826,5.192,8.684,6.3,5.519
1,3.448,3.448,3.448,3.448,0.0,3.448,0.0,0.0,3.448,6.897,3.448,3.448,0.0,3.448,10.345,10.345,10.345,0.0,0.0,3.448,4.58,5.149,6.235,5.171,6.449
1,4.233,12.698,4.233,0.0,0.0,21.163,4.233,8.465,4.233,0.0,0.0,0.0,0.0,0.0,0.0,4.233,0.0,0.0,0.0,0.0,5.419,6.857,7.457,9.397,7.381
1,6.184,0.0,0.0,6.184,0.0,0.0,6.184,0.0,6.184,0.0,6.184,18.552,0.0,0.0,12.368,6.184,6.184,0.0,0.0,0.0,5.573,5.042,4.638,7.109,3.428
1,17.462,0.0,0.0,11.642,0.0,5.82,5.82,0.0,11.642,0.0,0.0,5.82,0.0,0.0,0.0,11.642,5.82,0.0,0.0,0.0,1.763,3.772,5.342,6.757,6.697
1,0.0,12.03,0.0,8.02,0.0,4.01,0.0,4.01,8.02,4.01,0.0,0.0,0.0,4.01,4.01,0.0,0.0,0.0,8.02,0.0,6.066,6.838,9.319,10.863,10.778
1,20.246,0.0,0.0,0.0,0.0,0.0,0.0,5.062,0.0,10.123,10.123,5.062,10.123,0.0,0.0,5.062,0.0,0.0,5.062,5.062,4.373,4.791,5.208,4.639,5.068
1,9.947,0.0,4.974,9.947,0.0,4.974,4.974,0.0,0.0,9.947,0.0,4.974,0.0,4.974,4.974,9.947,0.0,0.0,0.0,4.974,5.166,5.595,2.723,6.151,5.759
1,2.961,0.0,14.803,5.921,2.961,2.961,2.961,2.961,0.0,5.921,2.961,5.921,0.0,0.0,5.921,5.921,2.961,2.961,2.961,0.0,4.082,5.013,5.841,6.441,7.567
1,0.0,4.96,0.0,4.96,0.0,4.96,0.0,4.96,4.96,4.96,4.96,9.921,0.0,4.96,0.0,4.96,0.0,0.0,0.0,4.96,9.125,6.473,8.922,9.357,6.601
1,13.463,0.0,4.488,4.488,0.0,4.488,0.0,4.488,0.0,4.488,0.0,0.0,0.0,0.0,0.0,4.488,0.0,4.488,8.975,13.463,7.997,6.314,6.765,3.541,8.071
1,6.186,0.0,12.372,6.186,0.0,0.0,0.0,12.372,0.0,6.186,6.186,0.0,0.0,6.186,0.0,0.0,6.186,0.0,0.0,12.372,5.809,4.354,4.216,7.122,4.268
1,0.0,4.485,0.0,13.454,0.0,4.485,0.0,0.0,0.0,13.454,0.0,4.485,0.0,4.485,0.0,4.485,4.485,4.485,0.0,0.0,7.984,6.568,9.477,9.722,7.947
1,0.0,4.861,0.0,0.0,0.0,4.861,0.0,14.583,0.0,9.722,0.0,0.0,0.0,4.861,4.861,0.0,9.722,0.0,4.861,0.0,7.603,6.513,9.485,10.001,8.067
1,9.765,0.0,4.883,0.0,0.0,0.0,0.0,24.412,0.0,4.883,0.0,4.883,4.883,4.883,9.765,4.883,0.0,0.0,0.0,0.0,5.189,6.185,4.845,5.775,4.771
1,0.0,0.0,9.782,0.0,0.0,9.782,0.0,0.0,9.782,9.782,4.891,4.891,0.0,0.0,0.0,9.782,0.0,0.0,0.0,14.673,3.848,5.521,5.7,6.515,5.051
1,5.009,5.009,5.009,10.019,0.0,0.0,0.0,0.0,0.0,10.019,0.0,10.019,0.0,5.009,0.0,10.019,0.0,0.0,0.0,0.0,5.341,7.511,7.908,7.712,11.415
1,15.998,0.0,0.0,10.666,0.0,0.0,0.0,0.0,0.0,5.333,0.0,10.666,0.0,5.333,0.0,5.333,0.0,0.0,0.0,10.666,7.324,7.385,6.579,4.646,10.073
1,0.0,0.0,10.375,0.0,10.375,5.188,10.375,0.0,0.0,10.375,5.188,20.749,0.0,0.0,0.0,0.0,0.0,0.0,0.0,0.0,4.88,8.007,7.894,3.301,3.294
1,0.0,4.958,4.958,4.958,0.0,14.873,9.915,0.0,0.0,4.958,9.915,9.915,0.0,4.958,0.0,0.0,0.0,0.0,0.0,0.0,8.173,4.022,5.202,9.12,4.078
1,10.654,0.0,5.327,10.654,0.0,5.327,0.0,0.0,0.0,5.327,5.327,0.0,5.327,0.0,0.0,5.327,0.0,0.0,5.327,10.654,5.547,6.091,7.41,5.734,5.966
1,0.0,0.0,0.0,0.0,0.0,0.0,7.592,11.388,3.796,15.185,11.388,0.0,3.796,3.796,0.0,0.0,0.0,7.592,3.796,3.796,5.561,7.108,6.03,5.305,3.87
1,12.275,0.0,6.137,0.0,6.137,6.137,0.0,6.137,0.0,6.137,6.137,6.137,0.0,6.137,6.137,0.0,6.137,0.0,0.0,0.0,4.64,6.632,6.16,5.899,3.023
1,0.0,0.0,4.898,4.898,0.0,4.898,0.0,24.491,0.0,9.797,0.0,4.898,0.0,0.0,0.0,4.898,4.898,0.0,4.898,0.0,7.344,6.446,6.923,7.204,3.508
1,3.71,3.71,3.71,3.71,0.0,0.0,0.0,3.71,0.0,3.71,11.13,7.42,0.0,3.71,0.0,3.71,7.42,0.0,3.71,3.71,7.72,8.193,8.259,4.686,8.073
1,0.0,6.85,0.0,3.425,0.0,0.0,0.0,10.275,0.0,3.425,0.0,10.275,0.0,0.0,6.85,6.85,3.425,3.425,3.425,0.0,7.345,8.137,9.61,9.033,7.651
1,0.0,0.0,13.609,3.402,0.0,0.0,6.804,0.0,0.0,10.206,0.0,6.804,0.0,3.402,6.804,3.402,6.804,3.402,6.804,0.0,4.583,4.919,6.901,5.826,6.326
1,4.88,4.88,9.76,0.0,0.0,4.88,9.76,0.0,0.0,9.76,9.76,0.0,4.88,0.0,0.0,9.76,4.88,0.0,0.0,0.0,4.184,4.264,5.673,5.622,7.053
1,10.467,3.489,10.467,3.489,0.0,3.489,0.0,3.489,0.0,3.489,0.0,3.489,0.0,0.0,0.0,10.467,13.956,3.489,0.0,0.0,6.256,5.638,5.879,5.935,6.514
1,5.399,5.399,10.798,0.0,0.0,10.798,0.0,0.0,0.0,5.399,0.0,5.399,0.0,0.0,16.197,5.399,0.0,0.0,5.399,0.0,6.717,5.798,4.552,4.871,7.875
1,0.0,5.032,10.064,5.032,0.0,5.032,0.0,0.0,0.0,5.032,0.0,5.032,0.0,5.032,0.0,15.096,5.032,0.0,5.032,0.0,6.198,6.031,5.256,7.248,9.849
1,0.0,0.0,5.409,10.82,0.0,0.0,0.0,5.409,0.0,16.229,0.0,5.409,0.0,5.409,10.82,0.0,10.82,0.0,0.0,0.0,5.616,6.91,6.973,5.83,4.346
1,4.677,0.0,0.0,0.0,0.0,18.706,0.0,4.677,0.0,9.353,0.0,0.0,0.0,0.0,0.0,4.677,14.03,4.677,0.0,4.677,6.649,8.688,6.806,4.691,7.696
1,5.882,0.0,8.824,0.0,2.941,2.941,2.941,2.941,2.941,2.941,11.765,2.941,0.0,2.941,2.941,5.882,2.941,2.941,5.882,0.0,5.4,4.077,5.661,6.431,7.842
1,4.676,4.676,4.676,0.0,4.676,4.676,0.0,9.351,0.0,9.351,0.0,0.0,0.0,4.676,4.676,0.0,18.703,0.0,0.0,0.0,5.499,6.382,6.186,6.393,5.404
1,4.583,0.0,4.583,0.0,0.0,9.165,4.583,4.583,0.0,18.331,0.0,4.583,0.0,0.0,0.0,4.583,9.165,0.0,4.583,0.0,6.53,5.121,5.974,7.94,5.695
1,0.0,4.884,4.884,9.769,0.0,0.0,0.0,0.0,4.884,9.769,0.0,0.0,4.884,4.884,4.884,0.0,9.769,4.884,0.0,0.0,9.162,7.34,4.124,7.854,8.026
1,5.389,0.0,5.389,0.0,0.0,5.389,0.0,5.389,0.0,16.169,5.389,5.389,0.0,5.389,5.389,0.0,0.0,0.0,0.0,10.779,7.357,7.648,3.973,4.778,6.18
1,4.599,0.0,18.397,4.599,9.199,0.0,9.199,9.199,4.599,4.599,0.0,4.599,0.0,0.0,4.599,0.0,0.0,0.0,0.0,4.599,3.968,3.808,4.097,5.497,4.441
1,0.0,4.228,4.228,0.0,12.683,0.0,0.0,12.683,0.0,4.228,4.228,0.0,0.0,0.0,8.455,0.0,0.0,4.228,8.455,0.0,6.322,6.668,8.602,8.409,6.585
1,2.812,5.624,14.061,5.624,0.0,0.0,2.812,0.0,0.0,8.437,5.624,0.0,0.0,2.812,2.812,0.0,2.812,0.0,14.061,0.0,6.665,5.349,6.739,5.008,8.744
1,5.39,0.0,5.39,5.39,0.0,16.169,5.39,0.0,0.0,0.0,0.0,16.169,5.39,0.0,0.0,0.0,0.0,0.0,10.78,0.0,5.872,7.07,6.888,5.717,4.386
1,5.044,0.0,0.0,5.044,15.133,0.0,0.0,5.044,0.0,5.044,5.044,5.044,0.0,5.044,5.044,5.044,0.0,0.0,10.089,0.0,4.76,5.731,6.97,6.843,5.078
1,5.371,0.0,5.371,10.742,0.0,0.0,5.371,0.0,0.0,0.0,10.742,10.742,0.0,0.0,0.0,16.113,16.113,0.0,0.0,0.0,3.758,3.315,3.936,3.654,4.773
1,0.0,4.644,0.0,9.287,0.0,0.0,4.644,0.0,9.287,0.0,9.287,4.644,0.0,4.644,4.644,4.644,4.644,0.0,0.0,4.644,6.195,7.47,6.969,6.839,7.518
1,0.0,5.501,0.0,11.002,0.0,2.751,2.751,2.751,0.0,0.0,5.501,8.252,0.0,0.0,2.751,5.501,11.002,0.0,2.751,5.501,6.549,9.189,5.248,4.707,8.295
1,0.0,0.0,7.091,7.091,0.0,0.0,0.0,7.091,0.0,0.0,0.0,14.182,0.0,0.0,7.091,7.091,14.182,0.0,0.0,14.182,3.884,6.279,3.791,3.693,4.352
1,4.794,9.589,0.0,4.794,0.0,4.794,0.0,4.794,0.0,0.0,0.0,4.794,4.794,0.0,4.794,0.0,14.383,0.0,4.794,0.0,8.984,7.903,7.676,8.473,4.637
1,3.929,7.858,7.858,0.0,3.929,11.787,0.0,3.929,0.0,3.929,3.929,7.858,0.0,0.0,0.0,0.0,0.0,0.0,0.0,3.929,5.696,5.752,9.07,9.17,11.377
1,0.0,3.982,3.982,0.0,0.0,7.964,3.982,3.982,0.0,3.982,0.0,11.946,0.0,3.982,0.0,3.982,0.0,0.0,7.964,3.982,6.4,10.414,10.614,9.01,3.832
1,4.134,4.134,0.0,4.134,0.0,8.268,0.0,4.134,0.0,0.0,0.0,4.134,0.0,4.134,0.0,4.134,0.0,8.268,4.134,4.134,10.663,10.837,7.451,12.038,5.267
1,0.0,0.0,4.878,9.756,0.0,9.756,9.756,0.0,0.0,4.878,0.0,9.756,0.0,4.878,0.0,9.756,4.878,0.0,0.0,4.878,6.432,4.515,5.056,6.735,4.094
1,0.0,0.0,4.15,4.15,0.0,8.299,4.15,0.0,0.0,4.15,8.299,16.599,0.0,4.15,4.15,0.0,0.0,0.0,0.0,8.299,8.864,7.645,5.232,5.368,6.497
1,3.091,0.0,6.182,3.091,0.0,6.182,0.0,3.091,3.091,3.091,6.182,12.364,3.091,3.091,0.0,6.182,6.182,3.091,0.0,3.091,5.442,5.307,7.124,4.916,6.118
1,0.0,9.923,3.308,3.308,0.0,6.615,3.308,0.0,3.308,3.308,6.615,6.615,0.0,3.308,0.0,3.308,6.615,0.0,3.308,0.0,9.581,5.754,8.114,7.193,6.511
1,0.0,4.18,0.0,0.0,0.0,4.18,0.0,20.896,0.0,0.0,4.18,4.18,0.0,8.358,16.718,0.0,0.0,0.0,0.0,0.0,8.911,6.363,5.736,9.4,6.899
1,0.0,0.0,0.0,8.019,0.0,4.01,0.0,12.028,0.0,8.019,0.0,12.028,0.0,4.01,4.01,4.01,0.0,4.01,0.0,0.0,7.93,9.857,8.399,6.441,7.232
1,0.0,3.869,0.0,0.0,0.0,0.0,3.869,23.215,3.869,0.0,0.0,7.738,0.0,3.869,0.0,3.869,0.0,3.869,0.0,0.0,7.833,8.797,9.702,8.496,11.004
1,0.0,0.0,14.514,7.257,0.0,0.0,14.514,7.257,0.0,0.0,0.0,14.514,0.0,0.0,7.257,7.257,7.257,0.0,0.0,0.0,4.642,2.906,3.692,4.686,4.251
1,0.0,9.017,0.0,3.006,9.017,3.006,0.0,3.006,3.006,3.006,3.006,6.011,0.0,3.006,3.006,6.011,0.0,0.0,0.0,6.011,6.823,7.628,9.065,8.235,8.139
1,17.987,0.0,0.0,0.0,0.0,17.987,0.0,0.0,0.0,13.491,0.0,13.491,0.0,0.0,0.0,0.0,0.0,0.0,0.0,0.0,7.353,6.129,9.595,6.972,6.994
1,13.134,8.756,0.0,0.0,0.0,13.134,8.756,0.0,0.0,4.378,4.378,4.378,0.0,0.0,0.0,4.378,4.378,0.0,0.0,0.0,6.997,5.963,9.023,5.818,6.531
1,3.161,6.322,3.161,6.322,0.0,0.0,3.161,0.0,0.0,3.161,0.0,15.806,0.0,0.0,3.161,0.0,12.645,0.0,3.161,6.322,7.173,8.929,5.702,4.756,7.057
1,0.0,0.0,0.0,4.034,0.0,8.069,4.034,16.139,0.0,0.0,4.034,8.069,0.0,0.0,8.069,4.034,16.139,0.0,4.034,0.0,5.217,4.515,4.473,5.094,4.044
1,0.0,0.0,0.0,6.219,0.0,6.219,6.219,0.0,0.0,0.0,0.0,24.878,0.0,0.0,12.439,6.219,6.219,0.0,0.0,6.219,3.799,6.613,4.366,4.948,5.639
1,4.502,0.0,0.0,4.502,0.0,4.502,0.0,0.0,0.0,4.502,4.502,9.004,0.0,0.0,4.502,4.502,9.004,4.502,9.004,0.0,7.638,7.856,7.018,5.3,9.164
1,0.0,0.0,4.762,9.525,0.0,0.0,4.762,9.525,0.0,0.0,4.762,14.287,0.0,4.762,0.0,9.525,0.0,0.0,0.0,4.762,7.921,6.501,5.337,7.891,5.677
1,5.479,0.0,10.957,5.479,5.479,0.0,5.479,0.0,0.0,5.479,5.479,5.479,10.957,0.0,0.0,5.479,5.479,0.0,5.479,0.0,4.867,5.235,4.97,4.763,3.467
1,4.837,0.0,19.348,4.837,0.0,9.674,0.0,0.0,0.0,4.837,4.837,14.511,0.0,0.0,0.0,4.837,0.0,0.0,4.837,0.0,5.884,4.306,5.917,4.894,6.443
1,0.0,3.291,6.583,3.291,0.0,6.583,0.0,0.0,3.291,3.291,3.291,9.874,3.291,3.291,6.583,0.0,9.874,0.0,3.291,6.583,6.162,6.593,6.785,4.352,3.7
1,5.662,0.0,11.324,5.662,0.0,5.662,5.662,0.0,0.0,5.662,0.0,16.986,0.0,5.662,0.0,5.662,0.0,0.0,0.0,0.0,5.714,6.974,5.079,8.578,5.711
1,5.498,2.749,13.746,5.498,0.0,2.749,2.749,19.244,0.0,2.749,0.0,8.247,0.0,0.0,0.0,2.749,2.749,0.0,0.0,0.0,5.911,7.165,7.275,5.031,5.89
1,6.089,0.0,0.0,6.089,0.0,12.179,0.0,12.179,0.0,0.0,0.0,6.089,0.0,0.0,12.179,6.089,18.269,0.0,0.0,0.0,3.602,3.016,5.011,3.946,5.26
1,5.658,0.0,0.0,0.0,0.0,0.0,0.0,22.633,0.0,0.0,5.658,16.975,0.0,0.0,22.633,0.0,0.0,0.0,0.0,0.0,5.495,5.774,3.468,6.146,5.557
1,0.0,0.0,0.0,0.0,7.003,7.003,7.003,0.0,0.0,0.0,0.0,7.003,0.0,0.0,35.017,7.003,7.003,0.0,0.0,7.003,3.244,3.925,2.563,2.731,3.496
1,8.1,4.05,8.1,4.05,0.0,4.05,12.15,0.0,0.0,0.0,4.05,8.1,0.0,0.0,0.0,4.05,12.15,0.0,4.05,0.0,3.732,4.946,5.409,6.102,6.911
1,0.0,9.838,4.919,0.0,0.0,4.919,14.757,9.838,0.0,0.0,0.0,4.919,0.0,0.0,0.0,0.0,0.0,0.0,4.919,4.919,8.512,10.944,5.87,6.965,8.683
1,3.399,0.0,0.0,3.399,3.399,0.0,3.399,3.399,6.799,0.0,3.399,6.799,0.0,6.799,6.799,3.399,13.598,0.0,3.399,6.799,4.622,5.639,4.809,4.723,5.422
1,0.0,0.0,0.0,0.0,5.762,0.0,11.524,0.0,0.0,11.524,5.762,11.524,0.0,0.0,5.762,17.285,5.762,0.0,0.0,0.0,4.67,4.715,6.266,5.266,4.18
1,3.139,9.418,9.418,3.139,0.0,0.0,0.0,6.279,3.139,3.139,3.139,6.279,0.0,0.0,0.0,3.139,3.139,3.139,3.139,0.0,9.544,6.156,8.548,10.089,6.016
1,0.0,9.748,4.874,0.0,0.0,0.0,4.874,9.748,0.0,0.0,0.0,4.874,0.0,0.0,0.0,4.874,4.874,4.874,4.874,0.0,8.999,8.79,8.436,10.036,10.127
1,0.0,0.0,5.922,5.922,11.844,0.0,0.0,5.922,0.0,0.0,0.0,5.922,0.0,0.0,0.0,17.766,23.688,0.0,5.922,0.0,4.079,4.912,2.093,2.782,3.225
1,0.0,5.272,0.0,0.0,5.272,5.272,5.272,5.272,10.545,0.0,0.0,10.545,0.0,0.0,5.272,5.272,0.0,5.272,0.0,0.0,6.488,8.703,7.033,6.046,8.459
1,6.782,0.0,0.0,0.0,0.0,6.782,6.782,6.782,0.0,0.0,20.345,6.782,0.0,0.0,0.0,13.564,6.782,0.0,0.0,0.0,2.995,6.169,6.427,4.569,5.241
1,0.0,0.0,0.0,0.0,0.0,0.0,11.024,0.0,0.0,5.511,0.0,11.024,5.511,5.511,16.535,5.511,0.0,0.0,5.511,5.511,5.779,6.28,5.367,4.829,6.094
1,3.126,0.0,3.126,6.252,0.0,0.0,6.252,3.126,0.0,3.126,3.126,15.628,0.0,0.0,3.126,6.252,9.377,3.126,0.0,6.252,5.313,4.813,5.284,5.999,6.7
1,3.715,3.715,3.715,11.147,0.0,0.0,3.715,3.715,0.0,0.0,7.432,14.863,0.0,3.715,0.0,0.0,3.715,0.0,0.0,3.715,8.862,7.018,7.387,7.776,5.789
1,0.0,0.0,0.0,10.889,0.0,0.0,5.444,5.444,0.0,5.444,5.444,16.332,0.0,0.0,10.889,0.0,10.889,0.0,0.0,0.0,5.467,8.801,3.62,3.217,8.121
1,6.165,0.0,0.0,0.0,18.496,6.165,0.0,12.331,0.0,0.0,6.165,6.165,0.0,0.0,12.331,0.0,6.165,0.0,0.0,6.165,3.342,3.106,4.184,5.049,4.172
1,3.504,0.0,10.512,0.0,0.0,7.008,10.512,0.0,3.504,3.504,7.008,3.504,3.504,3.504,3.504,3.504,0.0,3.504,3.504,3.504,6.482,4.444,6.122,4.238,5.132
1,2.833,5.666,2.833,11.332,0.0,2.833,0.0,16.999,0.0,2.833,0.0,5.666,0.0,0.0,0.0,11.332,0.0,0.0,0.0,2.833,7.832,8.416,6.405,6.448,5.737
1,3.765,0.0,0.0,7.529,0.0,0.0,7.529,3.765,3.765,0.0,3.765,11.294,0.0,0.0,3.765,11.294,7.529,3.765,0.0,3.765,6.205,6.795,7.511,4.152,3.805
1,0.0,5.866,2.933,5.866,0.0,5.866,5.866,0.0,2.933,2.933,0.0,5.866,2.933,2.933,5.866,0.0,2.933,0.0,5.866,5.866,7.927,6.981,7.388,6.178,7.004
1,0.0,0.0,5.872,0.0,5.872,5.872,5.872,5.872,0.0,0.0,5.872,5.872,0.0,11.744,0.0,0.0,0.0,0.0,11.744,0.0,7.467,7.916,5.135,7.771,7.118
1,0.0,0.0,10.918,5.458,0.0,5.458,0.0,0.0,0.0,0.0,21.834,5.458,0.0,0.0,5.458,0.0,5.458,0.0,10.918,0.0,6.61,5.705,6.245,4.109,6.369
1,8.089,4.045,4.045,4.045,0.0,4.045,4.045,4.045,0.0,4.045,0.0,4.045,0.0,8.089,0.0,0.0,4.045,0.0,4.045,4.045,7.906,6.477,8.573,10.469,5.903
1,0.0,8.604,0.0,8.604,0.0,8.604,0.0,4.302,0.0,0.0,4.302,4.302,4.302,4.302,8.604,0.0,0.0,0.0,4.302,0.0,11.446,5.267,10.205,7.122,5.736
1,10.835,0.0,21.671,5.418,0.0,5.418,0.0,0.0,0.0,0.0,5.418,0.0,0.0,0.0,0.0,10.835,16.253,0.0,5.418,0.0,3.823,3.832,4.128,3.945,3.007
1,12.296,0.0,0.0,12.296,6.148,0.0,0.0,0.0,0.0,0.0,12.296,12.296,0.0,0.0,0.0,0.0,6.148,0.0,0.0,6.148,5.386,7.422,4.703,6.739,8.122
1,4.342,8.684,0.0,4.342,0.0,4.342,4.342,4.342,4.342,0.0,4.342,4.342,0.0,4.342,0.0,0.0,0.0,0.0,0.0,8.684,10.897,4.716,10.149,5.097,12.697
