label,PAAC1,PAAC2,PAAC3,PAAC4,PAAC5,PAAC6,PAAC7,PAAC8,PAAC9,PAAC10,PAAC11,PAAC12,PAAC13,PAAC14,PAAC15,PAAC16,PAAC17,PAAC18,PAAC19,PAAC20,PAAC21,PAAC22,PAAC23,PAAC24,PAAC25
1,9.04,4.52,4.52,4.52,0.0,4.52,4.52,0.0,0.0,9.04,9.04,0.0,4.52,0.0,0.0,4.52,4.52,0.0,0.0,4.52,8.689,5.556,6.326,8.597,3.031
1,5.129,5.129,0.0,5.129,0.0,10.259,5.129,0.0,0.0,10.259,5.129,0.0,5.129,0.0,0.0,0.0,5.129,0.0,5.129,0.0,5.65,8.623,10.03,8.3,5.847
1,20.206,0.0,0.0,0.0,0.0,6.735,0.0,6.735,0.0,0.0,6.735,0.0,0.0,0.0,20.206,0.0,6.735,0.0,6.735,6.735,3.985,4.441,3.322,3.233,4.195
1,0.0,8.849,0.0,2.95,11.799,2.95,0.0,5.9,0.0,0.0,5.9,0.0,0.0,0.0,5.9,2.95,2.95,5.9,2.95,0.0,8.006,7.094,8.655,9.062,8.189
1,4.325,4.325,0.0,12.976,0.0,8.65,0.0,4.325,4.325,4.325,8.65,0.0,0.0,0.0,0.0,0.0,4.325,0.0,4.325,4.325,8.269,6.017,7.244,6.465,7.127
1,14.0,3.5,3.5,10.499,0.0,0.0,0.0,7.0,3.5,0.0,3.5,0.0,0.0,3.5,3.5,7.0,0.0,0.0,0.0,7.0,5.31,6.091,6.753,7.205,8.143
1,8.937,0.0,4.469,4.469,0.0,4.469,4.469,4.469,4.469,4.469,8.937,8.937,0.0,0.0,0.0,0.0,0.0,0.0,4.469,4.469,6.964,8.895,5.516,5.433,6.163
1,4.247,8.494,0.0,0.0,0.0,0.0,4.247,0.0,0.0,4.247,16.988,0.0,8.494,4.247,0.0,8.494,0.0,0.0,0.0,0.0,5.488,7.043,6.865,10.985,10.159
1,0.0,0.0,5.449,0.0,0.0,5.449,5.449,5.449,0.0,5.449,21.795,0.0,0.0,10.898,0.0,0.0,0.0,5.449,0.0,5.449,5.989,4.703,5.925,5.334,7.214
1,6.206,6.206,3.103,6.206,0.0,3.103,3.103,9.309,0.0,3.103,6.206,0.0,3.103,0.0,3.103,0.0,3.103,0.0,6.206,0.0,7.488,7.779,7.221,6.324,9.126
1,4.628,4.628,0.0,4.628,9.255,4.628,0.0,4.628,0.0,4.628,0.0,0.0,0.0,9.255,4.628,9.255,4.628,0.0,0.0,4.628,8.212,5.591,5.817,4.307,6.66
1,0.0,4.737,4.737,0.0,4.737,0.0,4.737,18.949,4.737,0.0,4.737,0.0,4.737,4.737,4.737,4.737,4.737,0.0,0.0,0.0,5.948,6.1,6.331,5.567,4.995
1,0.0,3.827,3.827,0.0,0.0,7.654,0.0,7.654,3.827,0.0,3.827,3.827,0.0,0.0,7.654,0.0,3.827,7.654,3.827,3.827,8.356,8.282,7.786,6.497,7.844
1,9.015,4.508,0.0,0.0,0.0,0.0,4.508,4.508,13.524,0.0,4.508,4.508,0.0,0.0,9.015,4.508,4.508,0.0,4.508,0.0,5.95,7.864,5.048,6.167,7.353
1,10.54,0.0,0.0,0.0,5.271,0.0,0.0,0.0,0.0,5.271,10.54,0.0,0.0,5.271,5.271,5.271,0.0,5.271,10.54,15.811,3.7,2.656,4.222,4.498,5.87
1,7.992,0.0,0.0,3.996,7.992,0.0,0.0,11.988,0.0,0.0,19.981,0.0,0.0,0.0,0.0,11.988,3.996,0.0,3.996,7.992,3.557,5.267,4.887,3.505,2.861
1,4.242,0.0,0.0,0.0,0.0,4.242,8.485,8.485,4.242,4.242,8.485,0.0,0.0,0.0,4.242,0.0,0.0,8.485,8.485,4.242,3.655,6.577,7.436,7.521,6.934
1,0.0,0.0,4.161,8.323,0.0,8.323,0.0,0.0,4.161,8.323,4.161,8.323,0.0,4.161,0.0,4.161,4.161,0.0,8.323,0.0,7.287,8.449,4.634,5.826,7.221
1,0.0,11.248,0.0,0.0,0.0,3.749,7.499,7.499,0.0,0.0,7.499,0.0,0.0,0.0,7.499,3.749,0.0,0.0,3.749,7.499,6.707,7.844,7.622,9.889,7.949
1,4.623,0.0,4.623,9.246,4.623,4.623,9.246,9.246,4.623,0.0,9.246,0.0,0.0,4.623,0.0,0.0,0.0,0.0,4.623,0.0,8.491,5.88,5.048,7.149,4.088
1,0.0,0.0,0.0,4.745,0.0,0.0,4.745,9.489,4.745,0.0,4.745,4.745,0.0,0.0,4.745,0.0,9.489,0.0,9.489,14.234,4.099,4.896,6.266,6.43,7.138
1,6.611,6.611,3.306,9.917,0.0,13.222,3.306,3.306,0.0,0.0,3.306,9.917,0.0,0.0,0.0,0.0,0.0,0.0,3.306,3.306,7.824,5.801,7.666,6.185,6.413
1,10.348,6.898,3.449,6.898,0.0,17.246,3.449,3.449,0.0,3.449,0.0,3.449,0.0,0.0,0.0,3.449,6.898,0.0,0.0,0.0,6.305,4.753,6.619,6.109,7.23
1,4.61,4.61,0.0,0.0,4.61,0.0,4.61,0.0,0.0,18.439,9.219,0.0,4.61,4.61,4.61,4.61,4.61,0.0,0.0,0.0,5.393,6.196,6.379,6.04,6.846
1,0.0,9.579,3.193,6.386,0.0,0.0,0.0,3.193,3.193,6.386,0.0,3.193,0.0,3.193,3.193,3.193,0.0,3.193,0.0,6.386,9.073,6.875,9.952,10.639,9.181
1,10.626,5.313,2.657,2.657,0.0,0.0,2.657,7.969,0.0,2.657,5.313,2.657,0.0,5.313,5.313,5.313,0.0,0.0,2.657,2.657,7.982,8.731,5.684,6.481,7.37
1,9.346,3.115,3.115,9.346,0.0,6.231,0.0,6.231,0.0,0.0,9.346,3.115,0.0,3.115,0.0,3.115,0.0,0.0,3.115,3.115,8.96,7.168,7.495,7.474,6.598
1,0.0,6.063,12.126,6.063,6.063,0.0,0.0,0.0,0.0,0.0,6.063,0.0,0.0,0.0,0.0,6.063,6.063,0.0,0.0,24.252,5.235,5.653,5.46,5.639,5.257
1,0.0,9.889,3.296,3.296,0.0,9.889,0.0,0.0,0.0,3.296,9.889,3.296,3.296,0.0,6.592,9.889,3.296,0.0,0.0,0.0,7.446,8.25,3.616,6.299,8.465
1,14.335,4.778,0.0,9.557,0.0,0.0,0.0,4.778,0.0,0.0,4.778,9.557,0.0,4.778,0.0,0.0,0.0,0.0,0.0,4.778,10.034,6.947,8.131,8.165,9.384
1,5.473,5.473,0.0,5.473,0.0,5.473,0.0,5.473,0.0,0.0,5.473,0.0,0.0,5.473,5.473,10.947,0.0,0.0,5.473,5.473,8.755,7.54,7.169,7.937,2.919
1,0.0,4.047,8.094,4.047,4.047,4.047,0.0,4.047,0.0,0.0,8.094,12.141,0.0,8.094,0.0,0.0,0.0,0.0,4.047,0.0,8.657,10.168,2.741,6.951,10.778
1,5.16,0.0,0.0,20.641,0.0,5.16,5.16,10.321,0.0,0.0,0.0,5.16,0.0,0.0,0.0,15.481,0.0,0.0,0.0,5.16,6.469,6.285,2.998,4.833,7.17
1,0.0,0.0,0.0,0.0,0.0,4.657,0.0,4.657,4.657,4.657,0.0,13.973,0.0,0.0,0.0,0.0,9.315,4.657,4.657,9.315,8.746,11.604,6.842,4.217,8.044
1,3.97,15.88,0.0,0.0,0.0,0.0,3.97,0.0,0.0,0.0,3.97,3.97,0.0,0.0,11.911,0.0,3.97,0.0,0.0,7.94,4.774,5.811,8.832,12.8,12.2
1,0.0,8.539,0.0,0.0,0.0,4.27,0.0,0.0,0.0,0.0,4.27,8.539,0.0,0.0,12.809,0.0,8.539,0.0,0.0,12.809,3.156,5.741,7.732,12.247,11.351
1,2.452,2.452,0.0,4.904,0.0,7.356,2.452,4.904,0.0,2.452,2.452,4.904,0.0,4.904,2.452,4.904,2.452,4.904,2.452,2.452,7.518,9.107,10.166,8.516,5.844
1,16.624,5.541,5.541,5.541,0.0,11.083,0.0,0.0,0.0,0.0,5.541,5.541,0.0,0.0,0.0,0.0,11.083,0.0,0.0,0.0,6.424,6.832,6.53,8.545,5.173
1,0.0,16.982,0.0,4.246,0.0,4.246,8.491,0.0,4.246,4.246,0.0,4.246,0.0,0.0,8.491,4.246,0.0,4.246,0.0,0.0,7.581,10.027,7.575,5.684,5.451
1,0.0,0.0,9.622,4.811,0.0,0.0,0.0,0.0,0.0,14.434,4.811,9.622,0.0,9.622,9.622,4.811,4.811,0.0,0.0,0.0,5.766,6.816,7.087,3.995,4.168
1,13.138,8.758,0.0,0.0,0.0,0.0,0.0,4.379,0.0,4.379,0.0,0.0,0.0,0.0,0.0,8.758,8.758,0.0,4.379,13.138,7.626,7.8,8.809,5.728,4.349
1,0.0,11.303,0.0,0.0,0.0,5.651,0.0,0.0,5.651,0.0,22.605,0.0,0.0,0.0,0.0,5.651,5.651,0.0,0.0,5.651,8.37,4.302,8.255,6.045,10.863
1,0.0,3.88,3.88,7.76,0.0,7.76,7.76,7.76,0.0,3.88,0.0,3.88,0.0,0.0,3.88,0.0,3.88,3.88,0.0,3.88,9.697,5.507,9.362,6.714,6.637
1,12.911,6.455,3.228,0.0,0.0,6.455,0.0,0.0,3.228,6.455,9.683,6.455,3.228,0.0,0.0,3.228,3.228,0.0,0.0,0.0,8.24,7.375,5.197,6.93,7.704
1,0.0,0.0,3.712,3.712,0.0,22.276,3.712,3.712,3.712,7.425,3.712,7.425,0.0,0.0,3.712,0.0,0.0,0.0,0.0,7.425,5.971,6.927,5.174,6.296,5.093
1,21.872,0.0,43.745,0.0,0.0,0.0,0.0,0.0,0.0,0.0,0.0,0.0,0.0,0.0,21.872,0.0,0.0,0.0,0.0,0.0,3.832,0.831,4.038,0.0,3.81
1,13.87,4.623,9.247,9.247,0.0,0.0,0.0,0.0,0.0,4.623,4.623,0.0,4.623,0.0,0.0,4.623,0.0,0.0,4.623,4.623,8.165,6.718,6.472,6.56,7.359
1,0.0,0.0,4.803,4.803,0.0,0.0,9.605,9.605,4.803,0.0,9.605,4.803,4.803,9.605,0.0,0.0,4.803,0.0,0.0,4.803,6.628,5.486,6.102,4.938,4.809
1,0.0,5.007,0.0,5.007,0.0,0.0,0.0,15.022,0.0,5.007,0.0,10.015,0.0,0.0,0.0,5.007,15.022,0.0,0.0,5.007,8.993,5.09,7.922,4.677,8.222
1,3.305,3.305,3.305,3.305,0.0,3.305,3.305,0.0,0.0,3.305,6.609,9.914,6.609,6.609,3.305,6.609,0.0,0.0,0.0,3.305,6.156,7.075,6.084,8.942,5.651
1,14.683,0.0,4.894,4.894,0.0,0.0,0.0,9.789,0.0,4.894,4.894,0.0,4.894,4.894,19.578,0.0,0.0,0.0,0.0,4.894,4.699,4.444,2.698,4.151,5.697
1,3.885,7.77,0.0,7.77,0.0,3.885,0.0,7.77,0.0,7.77,3.885,3.885,0.0,3.885,0.0,0.0,7.77,0.0,0.0,0.0,10.859,9.534,7.098,5.137,9.099
1,0.0,5.391,10.781,0.0,0.0,16.172,10.781,0.0,0.0,0.0,0.0,16.172,0.0,0.0,0.0,10.781,0.0,0.0,0.0,5.391,5.124,4.883,3.728,6.094,4.705
1,0.0,9.683,0.0,4.841,0.0,4.841,0.0,4.841,0.0,4.841,0.0,4.841,0.0,4.841,9.683,0.0,4.841,0.0,4.841,0.0,6.707,11.047,10.245,7.337,6.568
1,0.0,0.0,4.487,8.974,0.0,8.974,4.487,0.0,0.0,0.0,4.487,22.435,0.0,0.0,4.487,4.487,0.0,4.487,0.0,0.0,6.138,6.875,4.796,8.248,6.636
1,0.0,0.0,19.115,4.779,0.0,4.779,4.779,9.557,0.0,4.779,4.779,0.0,0.0,0.0,0.0,4.779,9.557,4.779,0.0,0.0,5.394,6.161,4.609,6.254,5.903
1,15.691,6.276,0.0,3.138,0.0,3.138,0.0,6.276,0.0,0.0,0.0,0.0,6.276,9.414,0.0,6.276,3.138,0.0,0.0,6.276,8.261,5.562,5.723,7.681,6.873
1,7.375,3.687,3.687,0.0,0.0,11.062,3.687,3.687,0.0,3.687,11.062,7.375,0.0,0.0,0.0,3.687,0.0,0.0,3.687,0.0,8.375,7.184,6.406,6.394,8.958
1,0.0,10.526,5.263,0.0,0.0,5.263,0.0,10.526,0.0,0.0,15.789,0.0,5.263,0.0,0.0,5.263,0.0,0.0,0.0,0.0,9.445,6.27,8.206,6.765,11.422
1,0.0,0.0,0.0,6.437,0.0,6.437,6.437,0.0,6.437,0.0,0.0,19.312,0.0,0.0,12.875,0.0,12.875,0.0,0.0,6.437,5.744,4.075,3.179,7.01,2.742
1,8.926,0.0,0.0,17.852,0.0,4.463,0.0,17.852,0.0,8.926,0.0,4.463,4.463,0.0,0.0,0.0,0.0,0.0,0.0,0.0,7.304,5.208,6.962,6.758,6.825
1,0.0,7.086,3.543,7.086,0.0,17.715,0.0,0.0,0.0,3.543,7.086,7.086,0.0,0.0,0.0,0.0,7.086,0.0,3.543,3.543,5.426,8.071,7.169,4.884,7.135
1,5.049,5.049,0.0,10.098,0.0,15.147,0.0,0.0,0.0,0.0,0.0,0.0,0.0,5.049,5.049,0.0,5.049,0.0,10.098,0.0,5.953,9.24,7.389,8.41,8.422
1,8.865,2.955,2.955,5.91,8.865,2.955,2.955,5.91,2.955,5.91,0.0,2.955,0.0,2.955,5.91,0.0,2.955,0.0,2.955,2.955,6.649,4.851,5.216,7.0,5.365
1,14.192,7.096,0.0,0.0,0.0,0.0,3.548,7.096,0.0,0.0,3.548,14.192,0.0,0.0,3.548,3.548,7.096,0.0,0.0,0.0,6.16,9.225,6.447,6.651,7.654
1,10.019,5.009,0.0,0.0,0.0,5.009,0.0,0.0,10.019,0.0,5.009,0.0,0.0,0.0,5.009,10.019,10.019,0.0,5.009,5.009,6.719,7.188,4.695,6.287,4.979
1,5.028,0.0,5.028,10.056,0.0,0.0,5.028,0.0,0.0,5.028,0.0,0.0,5.028,0.0,10.056,5.028,20.111,0.0,5.028,5.028,4.356,3.604,4.167,4.453,2.976
1,0.0,4.697,0.0,4.697,0.0,18.786,14.089,4.697,0.0,0.0,4.697,0.0,0.0,0.0,0.0,4.697,4.697,0.0,4.697,4.697,3.977,4.459,6.058,7.893,7.168
1,0.0,4.136,0.0,0.0,0.0,4.136,8.274,4.136,4.136,4.136,4.136,0.0,0.0,4.136,8.274,8.274,8.274,4.136,0.0,4.136,5.471,7.008,4.842,5.165,7.191
1,8.437,4.219,4.219,4.219,0.0,4.219,0.0,0.0,0.0,0.0,8.437,0.0,0.0,0.0,8.437,4.219,4.219,4.219,4.219,4.219,6.138,9.128,7.537,7.125,6.793
1,2.853,2.853,2.853,2.853,2.853,2.853,2.853,8.558,0.0,2.853,0.0,0.0,0.0,5.705,5.705,5.705,5.705,0.0,5.705,8.558,5.768,6.792,6.046,5.104,7.822
1,10.452,6.968,3.484,6.968,0.0,0.0,3.484,0.0,3.484,3.484,0.0,3.484,0.0,0.0,3.484,6.968,13.936,0.0,3.484,0.0,5.285,5.581,6.271,6.919,6.261
1,0.0,0.0,0.0,30.924,0.0,0.0,0.0,10.308,15.462,0.0,5.154,0.0,0.0,0.0,15.462,0.0,0.0,0.0,0.0,0.0,5.18,3.788,4.503,2.822,6.397
1,8.993,0.0,4.496,8.993,0.0,0.0,0.0,8.993,0.0,4.496,4.496,4.496,0.0,4.496,4.496,0.0,13.489,0.0,0.0,8.993,5.821,3.035,4.342,5.542,4.823
1,0.0,0.0,0.0,4.095,4.095,4.095,0.0,8.189,4.095,4.095,4.095,4.095,0.0,0.0,4.095,4.095,12.284,8.189,0.0,0.0,6.932,7.167,7.865,7.246,5.274
1,0.0,4.781,0.0,4.781,0.0,0.0,0.0,14.343,0.0,0.0,0.0,4.781,0.0,9.562,4.781,4.781,0.0,0.0,9.562,0.0,8.012,7.367,7.212,9.343,10.694
1,3.623,3.623,7.245,0.0,0.0,0.0,0.0,7.245,0.0,10.868,3.623,3.623,0.0,10.868,0.0,7.245,3.623,0.0,3.623,0.0,5.787,7.668,6.993,7.231,7.114
1,3.619,3.619,3.619,0.0,0.0,0.0,28.954,7.239,0.0,0.0,0.0,0.0,0.0,3.619,10.858,10.858,0.0,0.0,0.0,3.619,5.917,4.347,5.879,3.306,4.545
1,6.799,3.399,0.0,6.799,0.0,3.399,6.799,6.799,0.0,3.399,0.0,3.399,0.0,3.399,6.799,6.799,3.399,3.399,3.399,0.0,8.216,4.946,6.537,6.877,5.436
1,9.224,4.612,0.0,0.0,0.0,4.612,4.612,0.0,0.0,0.0,4.612,18.448,4.612,0.0,9.224,0.0,0.0,0.0,0.0,4.612,8.917,4.387,8.739,7.051,6.337
1,0.0,3.508,17.542,7.017,0.0,0.0,0.0,3.508,0.0,10.525,14.034,3.508,0.0,0.0,0.0,3.508,0.0,0.0,3.508,0.0,6.289,5.103,7.186,7.503,7.259
1,6.288,6.288,3.144,9.432,0.0,6.288,0.0,3.144,0.0,0.0,9.432,6.288,0.0,0.0,0.0,3.144,6.288,0.0,0.0,3.144,7.364,9.313,6.166,5.773,8.502
1,3.662,0.0,3.662,0.0,0.0,0.0,0.0,0.0,0.0,0.0,14.646,0.0,0.0,0.0,14.646,25.631,3.662,0.0,7.323,10.984,2.838,2.977,3.196,3.508,3.268
1,0.0,0.0,0.0,0.0,0.0,0.0,4.352,8.704,0.0,4.352,17.408,13.056,0.0,0.0,0.0,8.704,4.352,0.0,0.0,8.704,7.242,6.786,7.43,4.993,3.92
1,6.65,0.0,0.0,0.0,0.0,6.65,6.65,6.65,0.0,0.0,13.3,6.65,0.0,0.0,6.65,6.65,6.65,0.0,0.0,6.65,7.739,5.516,3.84,7.209,2.546
1,0.0,3.367,10.102,3.367,0.0,6.734,0.0,10.102,0.0,0.0,0.0,0.0,0.0,3.367,6.734,6.734,6.734,3.367,0.0,6.734,6.664,7.058,5.367,7.277,6.29
1,15.197,0.0,15.197,0.0,5.066,5.066,0.0,0.0,0.0,0.0,5.066,0.0,0.0,10.131,0.0,0.0,5.066,5.066,0.0,10.131,3.78,5.418,6.14,4.939,3.738
1,3.395,6.79,0.0,0.0,0.0,3.395,0.0,3.395,3.395,6.79,3.395,3.395,0.0,0.0,6.79,10.185,3.395,0.0,0.0,10.185,8.534,6.328,6.383,8.857,5.393
1,4.975,0.0,9.949,0.0,0.0,0.0,4.975,4.975,0.0,4.975,4.975,9.949,0.0,0.0,0.0,9.949,4.975,0.0,4.975,9.949,6.212,5.492,5.126,5.164,3.384
1,7.979,0.0,0.0,10.638,0.0,7.979,0.0,7.979,0.0,0.0,5.319,5.319,0.0,7.979,0.0,5.319,0.0,0.0,2.66,2.66,7.714,7.854,7.42,8.01,5.173
1,3.589,0.0,3.589,0.0,0.0,7.177,0.0,0.0,7.177,0.0,3.589,17.943,0.0,0.0,0.0,7.177,0.0,3.589,7.177,3.589,5.81,7.68,6.505,8.19,7.222
1,4.65,0.0,4.65,0.0,0.0,4.65,4.65,0.0,0.0,0.0,4.65,9.301,0.0,0.0,9.301,9.301,13.951,0.0,0.0,13.951,4.182,6.072,4.795,1.759,4.135
1,0.0,4.581,4.581,4.581,0.0,0.0,0.0,13.742,4.581,4.581,4.581,0.0,0.0,4.581,9.161,9.161,4.581,0.0,0.0,0.0,5.339,7.792,5.827,6.39,5.943
1,0.0,9.044,4.522,0.0,0.0,0.0,0.0,4.522,4.522,9.044,9.044,0.0,0.0,0.0,4.522,0.0,9.044,0.0,0.0,13.566,6.352,8.404,7.868,7.095,2.452
1,0.0,6.245,0.0,3.123,0.0,12.49,6.245,9.368,0.0,0.0,9.368,6.245,3.123,0.0,0.0,3.123,0.0,0.0,3.123,0.0,8.956,6.504,7.941,6.158,7.991
1,0.0,0.0,3.059,6.118,0.0,3.059,3.059,12.237,0.0,3.059,0.0,3.059,6.118,12.237,3.059,0.0,3.059,0.0,3.059,6.118,5.677,7.454,5.909,7.036,6.622
1,0.0,3.269,0.0,0.0,0.0,9.807,0.0,6.538,3.269,3.269,0.0,6.538,3.269,3.269,0.0,6.538,0.0,6.538,0.0,3.269,9.019,9.236,7.822,9.6,8.75
1,7.617,0.0,0.0,11.425,0.0,3.809,0.0,3.809,7.617,0.0,0.0,11.425,0.0,0.0,3.809,3.809,0.0,0.0,0.0,15.233,6.756,5.69,6.063,6.276,6.666
1,14.555,9.703,0.0,0.0,0.0,4.851,9.703,4.851,0.0,0.0,0.0,4.851,0.0,0.0,4.851,0.0,0.0,4.851,0.0,0.0,12.488,6.32,9.51,8.5,4.963
1,9.503,14.254,0.0,0.0,0.0,4.751,4.751,4.751,0.0,0.0,0.0,4.751,0.0,0.0,4.751,0.0,4.751,4.751,0.0,0.0,11.46,8.253,9.958,7.472,5.841
1,3.286,0.0,3.286,13.144,3.286,3.286,3.286,3.286,3.286,0.0,3.286,0.0,3.286,3.286,0.0,3.286,6.572,0.0,6.572,6.572,5.807,5.365,5.451,6.59,7.78
1,12.792,0.0,0.0,0.0,12.792,0.0,0.0,0.0,6.396,6.396,0.0,0.0,0.0,0.0,6.396,12.792,25.584,0.0,0.0,6.396,1.939,2.163,2.821,2.006,1.527
1,3.852,3.852,0.0,7.705,3.852,3.852,0.0,3.852,0.0,3.852,7.705,3.852,0.0,3.852,3.852,0.0,3.852,0.0,0.0,7.705,5.116,7.011,8.105,7.393,10.737
1,3.447,10.342,6.895,0.0,0.0,6.895,0.0,3.447,0.0,3.447,6.895,6.895,0.0,3.447,3.447,0.0,0.0,0.0,0.0,3.447,9.91,9.541,4.483,7.659,9.804
1,6.426,0.0,0.0,0.0,0.0,6.426,6.426,0.0,6.426,6.426,6.426,0.0,6.426,19.278,0.0,0.0,12.852,0.0,0.0,0.0,5.891,3.266,5.487,2.911,5.332
1,3.164,9.493,0.0,0.0,0.0,3.164,9.493,15.822,6.329,0.0,3.164,3.164,0.0,0.0,0.0,6.329,3.164,0.0,0.0,0.0,8.367,7.12,4.984,8.737,7.506
1,0.0,12.168,4.056,4.056,0.0,12.168,4.056,0.0,0.0,4.056,16.224,0.0,0.0,0.0,0.0,4.056,0.0,0.0,0.0,0.0,7.073,9.655,8.32,7.094,7.018
1,0.0,0.0,10.052,5.027,0.0,10.052,0.0,0.0,5.027,0.0,10.052,5.027,0.0,0.0,0.0,5.027,10.052,0.0,0.0,15.079,3.66,5.116,4.916,5.055,5.858
1,4.261,4.261,0.0,4.261,0.0,8.521,0.0,0.0,0.0,0.0,4.261,4.261,0.0,0.0,8.521,12.782,0.0,0.0,0.0,17.042,4.755,8.623,9.015,6.571,2.866
1,3.048,15.24,0.0,3.048,0.0,0.0,6.096,9.144,0.0,3.048,3.048,0.0,0.0,0.0,3.048,3.048,9.144,0.0,0.0,3.048,8.873,7.769,5.242,8.495,8.662
1,12.05,0.0,6.025,6.025,0.0,12.05,6.025,0.0,6.025,6.025,6.025,0.0,0.0,6.025,0.0,0.0,6.025,0.0,0.0,0.0,4.537,4.544,4.729,5.553,8.336
1,0.0,9.785,0.0,3.262,0.0,0.0,6.523,3.262,0.0,0.0,9.785,0.0,0.0,6.523,6.523,3.262,3.262,0.0,0.0,6.523,5.169,7.574,8.434,10.136,9.978
1,13.249,4.416,0.0,0.0,0.0,0.0,0.0,4.416,4.416,0.0,4.416,0.0,4.416,13.249,4.416,8.832,0.0,0.0,0.0,4.416,5.846,6.962,7.697,6.681,6.571
1,8.527,4.263,0.0,17.053,0.0,4.263,0.0,0.0,0.0,4.263,8.527,8.527,0.0,0.0,0.0,0.0,0.0,0.0,0.0,4.263,8.249,10.624,3.936,5.094,12.409
1,4.047,4.047,0.0,8.093,0.0,0.0,4.047,4.047,0.0,0.0,16.186,4.047,0.0,8.093,4.047,4.047,0.0,0.0,0.0,0.0,6.88,8.106,9.329,9.378,5.611
1,4.453,0.0,0.0,4.453,0.0,0.0,0.0,4.453,0.0,0.0,0.0,0.0,0.0,4.453,8.906,17.812,0.0,4.453,8.906,8.906,4.482,6.088,7.491,7.535,7.608
1,6.602,3.301,3.301,0.0,0.0,3.301,3.301,3.301,0.0,0.0,9.903,0.0,0.0,3.301,6.602,3.301,3.301,0.0,6.602,13.204,6.669,5.521,4.745,7.338,6.405
1,4.964,0.0,0.0,0.0,4.964,9.928,4.964,4.964,0.0,0.0,4.964,4.964,0.0,0.0,0.0,0.0,4.964,4.964,4.964,9.928,7.434,7.414,5.859,5.914,8.85
1,0.0,0.0,6.701,3.35,0.0,6.701,3.35,3.35,0.0,3.35,10.051,10.051,0.0,0.0,6.701,0.0,3.35,3.35,0.0,6.701,4.895,4.818,7.894,7.264,8.121
1,0.0,0.0,7.404,3.702,3.702,0.0,7.404,3.702,0.0,3.702,0.0,14.808,7.404,0.0,0.0,3.702,3.702,0.0,0.0,11.105,5.423,4.062,7.02,6.685,6.474
1,0.0,8.497,0.0,0.0,0.0,4.249,4.249,0.0,4.249,8.497,12.747,12.747,0.0,0.0,0.0,4.249,4.249,0.0,0.0,0.0,7.339,9.28,4.538,5.411,9.7
1,4.508,9.015,0.0,0.0,4.508,4.508,4.508,9.015,0.0,0.0,0.0,9.015,0.0,4.508,9.015,0.0,0.0,0.0,0.0,4.508,6.806,9.885,6.916,4.389,8.898
1,0.0,0.0,4.202,8.403,0.0,0.0,4.202,8.403,0.0,4.202,4.202,8.403,0.0,0.0,4.202,0.0,4.202,4.202,12.605,0.0,6.679,7.422,5.069,6.642,6.964
1,3.468,0.0,3.468,3.468,0.0,3.468,0.0,6.936,3.468,0.0,17.341,3.468,0.0,6.936,0.0,6.936,10.405,0.0,0.0,3.468,5.444,6.635,6.602,3.802,4.687
1,0.0,3.285,9.855,3.285,3.285,3.285,3.285,3.285,0.0,9.855,3.285,6.57,0.0,3.285,0.0,6.57,3.285,0.0,3.285,3.285,4.767,6.646,5.943,7.04,6.622
1,0.0,10.193,0.0,0.0,0.0,0.0,0.0,0.0,10.193,0.0,5.097,0.0,0.0,0.0,15.29,30.578,0.0,0.0,0.0,0.0,5.198,6.693,7.452,5.009,4.299
1,3.995,3.995,0.0,11.985,0.0,3.995,0.0,0.0,0.0,0.0,3.995,0.0,0.0,0.0,0.0,11.985,0.0,3.995,7.99,7.99,11.068,4.755,8.785,7.949,7.515
1,6.583,6.583,3.292,9.875,0.0,3.292,6.583,3.292,6.583,0.0,3.292,0.0,0.0,0.0,3.292,0.0,3.292,0.0,3.292,6.583,6.725,6.218,5.787,7.959,7.482
1,15.098,0.0,0.0,0.0,10.065,5.033,0.0,0.0,5.033,5.033,0.0,0.0,0.0,5.033,5.033,10.065,0.0,0.0,10.065,5.033,5.379,4.412,4.952,4.431,5.333
1,3.629,7.258,0.0,0.0,3.629,0.0,3.629,21.773,0.0,0.0,3.629,7.258,0.0,0.0,0.0,7.258,7.258,0.0,0.0,3.629,8.157,6.716,4.251,7.029,4.899
1,11.564,2.891,0.0,11.564,0.0,0.0,5.782,8.673,2.891,2.891,8.673,2.891,2.891,0.0,2.891,5.782,0.0,0.0,0.0,0.0,6.255,5.034,5.825,6.668,6.834
1,0.0,10.221,6.814,6.814,0.0,3.407,0.0,0.0,0.0,6.814,3.407,0.0,3.407,0.0,3.407,3.407,0.0,0.0,10.221,3.407,9.284,6.482,8.742,8.101,6.068
1,11.667,0.0,19.445,3.889,0.0,0.0,0.0,3.889,0.0,0.0,0.0,0.0,3.889,3.889,0.0,3.889,3.889,3.889,7.778,3.889,6.395,5.761,5.471,6.773,5.6
1,12.637,0.0,6.318,3.159,0.0,6.318,3.159,0.0,0.0,3.159,0.0,9.477,0.0,0.0,6.318,3.159,0.0,6.318,3.159,0.0,7.971,6.593,7.813,7.598,6.843
1,6.483,3.242,6.483,3.242,0.0,0.0,3.242,9.725,0.0,3.242,3.242,6.483,3.242,0.0,0.0,3.242,3.242,0.0,6.483,3.242,7.038,5.55,7.362,8.26,6.957
1,0.0,3.764,0.0,3.764,15.056,11.292,3.764,3.764,3.764,0.0,0.0,0.0,3.764,3.764,7.528,7.528,3.764,0.0,0.0,3.764,6.019,3.866,5.657,4.4,4.777
1,6.567,0.0,0.0,13.134,0.0,13.134,6.567,0.0,6.567,0.0,0.0,6.567,0.0,0.0,19.701,0.0,6.567,0.0,0.0,0.0,4.409,4.555,2.892,5.406,3.932
1,16.395,0.0,5.465,5.465,0.0,0.0,5.465,0.0,0.0,5.465,0.0,5.465,0.0,0.0,10.93,10.93,5.465,0.0,0.0,5.465,6.029,3.55,3.225,6.813,3.875
1,9.187,0.0,0.0,0.0,9.187,0.0,0.0,4.594,4.594,0.0,4.594,9.187,0.0,0.0,4.594,9.187,4.594,4.594,4.594,0.0,7.986,4.875,4.71,6.467,7.059
1,0.0,0.0,8.908,4.454,4.454,17.816,0.0,4.454,0.0,0.0,13.362,4.454,4.454,0.0,4.454,0.0,0.0,0.0,0.0,4.454,5.227,6.072,6.118,4.575,6.742
1,4.367,0.0,0.0,8.733,0.0,4.367,0.0,8.733,0.0,4.367,4.367,4.367,0.0,0.0,0.0,4.367,4.367,0.0,8.733,8.733,7.844,6.547,5.335,8.905,5.869
1,4.305,0.0,8.61,8.61,0.0,0.0,0.0,12.914,0.0,8.61,4.305,0.0,4.305,0.0,8.61,8.61,8.61,0.0,0.0,4.305,3.812,3.787,3.12,3.018,4.47
1,6.0,6.0,0.0,0.0,0.0,0.0,6.0,12.0,6.0,0.0,6.0,0.0,0.0,0.0,0.0,6.0,18.0,0.0,6.0,0.0,4.961,4.399,6.224,6.984,5.432
1,0.0,4.526,0.0,0.0,0.0,0.0,0.0,0.0,0.0,4.526,13.579,4.526,4.526,4.526,13.579,9.053,4.526,0.0,0.0,9.053,4.896,8.444,5.645,3.943,4.649
1,8.887,0.0,0.0,8.887,0.0,4.444,0.0,4.444,0.0,4.444,22.218,4.444,0.0,0.0,0.0,0.0,0.0,0.0,4.444,4.444,7.299,6.555,8.615,3.583,7.295
1,4.607,0.0,0.0,9.214,0.0,4.607,13.821,0.0,4.607,4.607,4.607,4.607,0.0,4.607,0.0,4.607,0.0,0.0,4.607,4.607,6.382,7.297,4.049,6.015,7.152
1,5.81,26.143,0.0,0.0,0.0,0.0,0.0,5.81,8.714,0.0,0.0,0.0,5.81,0.0,0.0,2.905,0.0,0.0,0.0,0.0,7.39,9.755,9.846,10.669,7.147
1,0.0,0.0,0.0,3.045,0.0,3.045,3.045,6.09,0.0,0.0,18.269,3.045,6.09,0.0,6.09,15.224,0.0,3.045,3.045,0.0,4.304,6.376,7.007,6.807,5.473
1,3.608,0.0,0.0,7.216,0.0,7.216,0.0,3.608,0.0,3.608,7.216,10.824,0.0,0.0,0.0,3.608,0.0,0.0,10.824,3.608,6.655,7.48,8.63,6.391,9.504
1,0.0,0.0,5.258,0.0,0.0,0.0,10.515,0.0,10.515,0.0,15.773,5.258,0.0,0.0,10.515,5.258,5.258,0.0,5.258,5.258,3.853,4.018,4.235,6.285,2.744
1,3.864,3.864,7.728,7.728,11.592,0.0,0.0,3.864,0.0,3.864,0.0,0.0,0.0,3.864,0.0,0.0,3.864,0.0,7.728,7.728,6.151,8.165,6.943,7.219,5.836
1,0.0,4.898,0.0,0.0,0.0,0.0,0.0,14.693,0.0,4.898,0.0,0.0,14.693,0.0,34.285,0.0,0.0,0.0,0.0,0.0,5.771,5.944,4.599,6.079,4.14
1,3.467,6.933,0.0,0.0,0.0,3.467,0.0,13.867,0.0,0.0,6.933,3.467,0.0,3.467,0.0,10.4,0.0,3.467,0.0,0.0,10.985,6.589,9.318,9.554,8.087
1,0.0,6.014,0.0,6.014,0.0,0.0,6.014,0.0,6.014,0.0,0.0,0.0,0.0,0.0,6.014,6.014,12.028,0.0,0.0,24.055,4.886,6.704,8.544,5.221,2.479
1,5.421,0.0,5.421,0.0,0.0,5.421,16.264,5.421,0.0,0.0,5.421,5.421,0.0,0.0,0.0,10.843,0.0,0.0,0.0,16.264,4.387,4.292,4.231,5.613,5.579
1,6.704,0.0,10.057,0.0,0.0,3.352,3.352,6.704,3.352,0.0,0.0,0.0,0.0,6.704,6.704,3.352,3.352,6.704,3.352,3.352,6.792,6.5,5.722,7.626,6.316
1,3.166,6.332,0.0,3.166,0.0,3.166,3.166,3.166,0.0,3.166,0.0,9.498,6.332,3.166,3.166,3.166,0.0,3.166,3.166,3.166,9.125,8.689,8.602,6.668,6.761
1,3.142,6.284,6.284,6.284,0.0,6.284,0.0,3.142,0.0,3.142,0.0,3.142,0.0,0.0,3.142,3.142,3.142,3.142,3.142,6.284,8.015,8.475,9.821,8.125,5.863
1,7.204,3.603,0.0,3.603,0.0,3.603,0.0,3.603,0.0,7.204,7.204,3.603,7.204,3.603,3.603,3.603,7.204,0.0,0.0,0.0,5.498,7.103,7.479,8.462,6.617
1,5.441,0.0,5.441,0.0,0.0,5.441,5.441,5.441,0.0,5.441,16.324,5.441,0.0,0.0,0.0,5.441,10.883,0.0,0.0,0.0,3.965,6.681,6.621,6.444,5.549
1,3.682,0.0,0.0,0.0,0.0,3.682,14.729,14.729,0.0,3.682,14.729,3.682,0.0,3.682,3.682,0.0,3.682,0.0,0.0,3.682,4.853,6.466,5.45,4.743,4.842
1,0.0,0.0,6.937,6.937,0.0,0.0,13.875,6.937,0.0,0.0,0.0,0.0,0.0,6.937,6.937,6.937,6.937,0.0,0.0,13.875,4.311,5.067,4.029,4.067,6.215
1,13.978,6.989,0.0,10.484,0.0,0.0,0.0,3.495,3.495,3.495,6.989,0.0,0.0,0.0,6.989,6.989,6.989,0.0,0.0,0.0,8.929,4.742,4.623,8.369,3.446
1,9.344,3.115,6.23,0.0,6.23,0.0,6.23,6.23,0.0,3.115,15.573,0.0,0.0,3.115,0.0,6.23,3.115,0.0,3.115,0.0,5.667,6.558,3.89,5.283,6.963
1,0.0,0.0,0.0,4.106,8.211,4.106,8.211,0.0,8.211,0.0,4.106,4.106,0.0,0.0,0.0,8.211,8.211,4.106,8.211,4.106,5.369,4.102,4.575,7.139,4.914
1,5.362,0.0,5.362,5.362,5.362,10.725,0.0,10.725,0.0,5.362,0.0,0.0,10.725,0.0,5.362,0.0,5.362,0.0,0.0,5.362,4.73,6.591,5.503,5.27,2.834
1,0.0,5.621,0.0,5.621,0.0,2.81,5.621,8.431,0.0,5.621,8.431,5.621,0.0,0.0,2.81,5.621,2.81,0.0,5.621,0.0,7.446,7.336,5.397,8.37,6.813
1,4.508,0.0,0.0,4.508,0.0,13.523,0.0,4.508,0.0,4.508,0.0,9.015,4.508,9.015,4.508,9.015,0.0,0.0,0.0,0.0,5.521,7.421,5.578,5.504,8.364
1,3.774,0.0,0.0,0.0,3.774,3.774,7.549,7.549,3.774,3.774,11.323,0.0,3.774,0.0,0.0,18.872,3.774,3.774,0.0,0.0,5.775,4.526,5.129,4.401,4.68
1,0.0,11.109,2.777,0.0,2.777,5.554,19.44,5.554,0.0,0.0,11.109,2.777,0.0,2.777,2.777,0.0,0.0,0.0,0.0,0.0,7.578,7.122,7.408,4.152,7.088
1,0.0,4.834,4.834,0.0,4.834,0.0,4.834,14.501,0.0,4.834,0.0,4.834,0.0,0.0,4.834,9.667,9.667,0.0,0.0,4.834,7.834,5.111,4.821,3.995,5.735
1,16.461,4.115,0.0,0.0,0.0,4.115,0.0,4.115,0.0,0.0,0.0,20.577,0.0,0.0,4.115,4.115,4.115,0.0,0.0,4.115,4.83,6.713,8.043,6.252,8.316
1,8.866,0.0,17.731,0.0,0.0,8.866,0.0,0.0,0.0,8.866,4.433,17.731,4.433,0.0,0.0,0.0,0.0,0.0,0.0,0.0,6.699,5.121,6.553,3.943,6.759
1,0.0,7.151,0.0,10.727,0.0,7.151,3.576,0.0,0.0,7.151,0.0,14.303,3.576,3.576,3.576,3.576,3.576,0.0,0.0,0.0,6.359,8.4,6.444,5.245,5.615
1,0.0,0.0,0.0,9.034,4.517,0.0,0.0,4.517,4.517,4.517,4.517,9.034,0.0,4.517,0.0,9.034,0.0,4.517,4.517,0.0,5.454,5.084,8.484,7.548,10.191
1,0.0,6.116,0.0,6.116,0.0,3.058,3.058,3.058,3.058,6.116,6.116,6.116,0.0,0.0,0.0,3.058,12.232,0.0,0.0,6.116,5.905,7.539,7.244,9.703,5.391
1,6.013,6.013,0.0,0.0,0.0,15.031,0.0,0.0,0.0,0.0,3.006,6.013,0.0,3.006,3.006,3.006,6.013,3.006,6.013,0.0,9.328,8.084,7.41,6.208,8.844
1,8.902,4.451,0.0,4.451,0.0,4.451,0.0,4.451,4.451,0.0,17.805,0.0,0.0,4.451,0.0,0.0,4.451,0.0,4.451,4.451,7.675,7.805,6.21,6.54,5.001
1,0.0,9.108,0.0,3.036,6.072,3.036,0.0,6.072,3.036,6.072,0.0,6.072,0.0,0.0,0.0,0.0,3.036,3.036,3.036,3.036,8.156,11.632,8.167,7.782,9.613
1,0.0,0.0,4.777,9.554,0.0,4.777,0.0,4.777,0.0,4.777,14.332,4.777,0.0,0.0,0.0,9.554,0.0,0.0,0.0,14.332,7.23,2.418,7.85,2.913,7.929
1,4.283,4.283,0.0,0.0,0.0,0.0,8.565,8.565,4.283,8.565,0.0,8.565,0.0,4.283,0.0,8.565,4.283,0.0,0.0,0.0,8.007,7.256,7.561,8.842,4.095
1,0.0,8.751,0.0,0.0,0.0,0.0,0.0,4.375,4.375,0.0,0.0,0.0,0.0,8.751,0.0,4.375,17.501,4.375,0.0,4.375,8.375,8.025,9.391,10.884,6.447
1,13.997,9.331,4.666,0.0,4.666,0.0,0.0,0.0,9.331,4.666,0.0,4.666,0.0,0.0,0.0,4.666,0.0,0.0,0.0,9.331,6.979,7.609,9.125,6.114,4.856
1,0.0,0.0,0.0,0.0,0.0,4.709,9.417,0.0,0.0,4.709,4.709,18.835,9.417,0.0,4.709,4.709,4.709,0.0,0.0,4.709,8.681,2.034,8.458,1.946,8.25
1,0.0,9.127,0.0,0.0,3.042,9.127,3.042,3.042,3.042,3.042,6.084,9.127,0.0,0.0,3.042,3.042,0.0,0.0,3.042,3.042,9.005,6.824,8.104,8.314,6.909
1,0.0,11.311,0.0,3.77,0.0,3.77,3.77,3.77,0.0,3.77,7.54,0.0,0.0,0.0,0.0,0.0,3.77,0.0,11.311,3.77,11.444,9.3,7.9,7.878,6.925
1,0.0,0.0,8.083,4.042,8.083,4.042,4.042,0.0,4.042,8.083,4.042,0.0,4.042,0.0,0.0,8.083,16.166,0.0,0.0,8.083,3.965,3.625,4.866,3.787,2.926
1,3.157,3.157,3.157,6.314,3.157,0.0,3.157,3.157,0.0,3.157,9.471,6.314,3.157,3.157,3.157,3.157,3.157,0.0,3.157,3.157,6.938,7.8,9.384,5.755,3.825
1,0.0,9.851,0.0,3.284,0.0,3.284,3.284,22.985,0.0,0.0,0.0,6.567,0.0,0.0,9.851,3.284,3.284,0.0,0.0,0.0,7.037,6.328,7.037,6.577,7.349
1,0.0,4.036,8.071,0.0,0.0,4.036,12.107,0.0,4.036,4.036,12.107,4.036,0.0,0.0,0.0,12.107,4.036,0.0,0.0,4.036,4.675,5.107,5.648,7.017,4.911
1,0.0,0.0,5.04,20.161,10.08,0.0,0.0,0.0,0.0,15.121,5.04,0.0,5.04,0.0,0.0,0.0,10.08,0.0,0.0,5.04,8.025,3.678,4.249,5.338,3.107
1,0.0,21.576,0.0,0.0,0.0,8.63,4.315,0.0,0.0,0.0,0.0,0.0,0.0,0.0,17.261,12.946,0.0,0.0,0.0,0.0,8.227,7.12,4.062,5.677,10.185
1,11.037,0.0,3.679,0.0,0.0,7.358,0.0,14.716,0.0,0.0,0.0,3.679,3.679,0.0,3.679,18.395,7.358,0.0,3.679,3.679,3.998,4.059,2.667,4.298,4.039
1,3.787,3.787,0.0,7.573,3.787,3.787,0.0,3.787,7.573,0.0,0.0,3.787,0.0,0.0,11.36,7.573,0.0,0.0,7.573,3.787,7.808,6.526,3.943,6.427,7.136
1,3.268,0.0,0.0,0.0,0.0,13.071,0.0,13.071,0.0,6.535,9.803,6.535,0.0,6.535,3.268,0.0,3.268,0.0,0.0,0.0,8.921,6.689,7.215,5.568,6.254
1,4.299,4.299,0.0,4.299,4.299,4.299,0.0,4.299,0.0,8.597,4.299,8.597,0.0,0.0,0.0,8.597,4.299,0.0,0.0,4.299,8.237,8.853,6.067,6.744,5.619
1,5.657,0.0,0.0,0.0,0.0,0.0,0.0,11.315,0.0,5.657,39.601,0.0,0.0,5.657,0.0,0.0,5.657,5.657,0.0,0.0,4.871,3.695,3.738,3.01,5.485
1,15.612,5.204,5.204,5.204,0.0,5.204,5.204,5.204,0.0,0.0,0.0,0.0,0.0,0.0,20.816,5.204,5.204,0.0,0.0,0.0,6.128,3.044,4.746,5.152,2.873
1,0.0,6.451,3.226,6.451,3.226,9.677,3.226,0.0,3.226,0.0,6.451,6.451,3.226,3.226,3.226,6.451,0.0,0.0,0.0,3.226,4.782,7.695,8.325,6.076,5.385
1,6.032,0.0,3.016,9.048,6.032,0.0,3.016,3.016,3.016,12.064,3.016,3.016,0.0,0.0,3.016,0.0,12.064,0.0,6.032,0.0,4.162,5.932,5.812,5.617,6.095
1,11.189,0.0,0.0,5.594,0.0,0.0,5.594,11.189,0.0,5.594,0.0,5.594,0.0,0.0,0.0,11.189,5.594,5.594,0.0,0.0,5.804,6.193,6.774,6.109,7.986
1,3.679,11.036,0.0,0.0,0.0,0.0,3.679,11.036,0.0,0.0,0.0,7.357,0.0,0.0,3.679,3.679,0.0,3.679,7.357,0.0,8.572,10.457,8.893,9.033,7.863
1,5.126,10.252,5.126,5.126,0.0,5.126,5.126,0.0,0.0,0.0,5.126,0.0,0.0,5.126,5.126,5.126,0.0,0.0,0.0,5.126,7.508,11.53,6.139,3.355,9.956
1,9.753,0.0,0.0,14.629,0.0,0.0,4.876,0.0,4.876,4.876,9.753,4.876,0.0,0.0,0.0,4.876,0.0,0.0,4.876,4.876,7.014,9.209,6.311,3.284,5.915
1,0.0,0.0,0.0,10.265,3.422,6.843,0.0,3.422,3.422,0.0,6.843,10.265,0.0,3.422,3.422,3.422,3.422,0.0,3.422,6.843,7.295,5.608,5.085,6.593,6.987
1,6.732,3.366,6.732,3.366,0.0,6.732,10.097,6.732,0.0,0.0,6.732,6.732,0.0,0.0,3.366,0.0,3.366,3.366,0.0,0.0,6.58,6.058,5.776,7.664,6.607
1,6.853,6.853,0.0,10.28,0.0,10.28,0.0,3.427,0.0,3.427,3.427,0.0,3.427,0.0,3.427,13.706,0.0,0.0,0.0,3.427,7.617,6.438,6.229,6.617,4.568
1,21.482,0.0,0.0,0.0,4.296,0.0,0.0,42.965,4.296,0.0,0.0,4.296,0.0,0.0,0.0,0.0,8.593,0.0,0.0,0.0,3.291,3.553,1.139,2.501,3.588
1,11.67,3.89,3.89,7.78,0.0,0.0,0.0,0.0,0.0,0.0,0.0,11.67,0.0,3.89,0.0,0.0,3.89,0.0,7.78,3.89,7.524,8.14,9.158,8.236,8.592
1,0.0,11.719,0.0,0.0,0.0,15.626,3.907,11.719,0.0,3.907,0.0,3.907,0.0,0.0,3.907,0.0,0.0,3.907,0.0,0.0,11.253,7.556,7.84,7.228,7.527
1,10.769,0.0,5.384,0.0,0.0,10.769,0.0,5.384,0.0,0.0,10.769,10.769,0.0,0.0,0.0,0.0,0.0,0.0,5.384,5.384,7.99,9.556,6.458,4.649,6.733
1,6.512,3.256,3.256,3.256,0.0,9.768,0.0,3.256,3.256,0.0,9.768,0.0,0.0,0.0,3.256,22.793,0.0,0.0,0.0,3.256,5.695,4.137,5.942,5.613,6.977
1,9.312,4.656,9.312,9.312,0.0,0.0,0.0,4.656,0.0,4.656,9.312,9.312,0.0,0.0,0.0,0.0,4.656,0.0,0.0,0.0,9.615,5.215,8.549,4.86,6.577
1,4.153,0.0,0.0,4.153,0.0,8.306,8.306,8.306,0.0,0.0,0.0,0.0,0.0,4.153,4.153,4.153,4.153,0.0,12.459,4.153,6.987,9.093,4.518,5.542,7.412
1,9.422,0.0,0.0,9.422,0.0,9.422,0.0,6.281,0.0,3.141,3.141,3.141,0.0,6.281,0.0,0.0,0.0,0.0,6.281,6.281,7.638,8.769,7.249,5.317,8.216
1,9.692,9.692,4.846,0.0,0.0,0.0,9.692,9.692,0.0,0.0,0.0,0.0,4.846,4.846,9.692,0.0,0.0,0.0,0.0,0.0,8.202,8.432,4.898,6.054,9.421
1,3.402,0.0,0.0,6.806,0.0,3.402,0.0,13.611,3.402,3.402,10.208,6.806,3.402,0.0,0.0,13.611,3.402,0.0,0.0,3.402,4.671,5.121,5.371,4.305,5.671
1,11.0,3.667,7.333,0.0,3.667,0.0,7.333,3.667,0.0,7.333,0.0,3.667,0.0,0.0,0.0,7.333,11.0,0.0,3.667,3.667,5.764,5.511,6.934,3.615,4.844
1,0.0,8.947,0.0,0.0,0.0,4.474,4.474,0.0,0.0,0.0,4.474,17.896,0.0,0.0,13.421,4.474,4.474,0.0,0.0,4.474,5.946,7.513,4.909,8.036,6.489
1,0.0,3.59,7.181,0.0,0.0,7.181,7.181,3.59,7.181,3.59,10.771,7.181,0.0,0.0,10.771,0.0,0.0,0.0,0.0,3.59,5.931,6.29,7.195,4.251,4.524
1,4.153,4.153,8.305,0.0,4.153,8.305,0.0,0.0,4.153,0.0,4.153,4.153,0.0,8.305,4.153,0.0,4.153,0.0,4.153,4.153,8.143,6.917,5.07,8.05,5.379
1,5.002,0.0,5.002,15.005,0.0,10.003,10.003,0.0,0.0,10.003,5.002,0.0,10.003,0.0,0.0,0.0,5.002,0.0,0.0,0.0,5.499,7.03,5.038,2.408,4.997
1,0.0,8.001,4.001,12.002,0.0,4.001,0.0,0.0,0.0,0.0,8.001,4.001,0.0,8.001,4.001,0.0,4.001,0.0,4.001,0.0,8.144,7.901,7.63,9.716,6.598
1,9.098,4.549,0.0,13.648,0.0,0.0,0.0,9.098,0.0,4.549,4.549,0.0,4.549,0.0,0.0,0.0,13.648,0.0,0.0,4.549,6.251,9.021,5.851,2.89,7.748
1,0.0,5.656,0.0,0.0,0.0,5.656,0.0,0.0,0.0,0.0,5.656,5.656,5.656,0.0,11.312,0.0,11.312,0.0,5.656,11.312,6.747,7.656,6.794,7.547,3.383
1,5.384,0.0,0.0,0.0,0.0,10.768,5.384,5.384,0.0,0.0,10.768,10.768,0.0,5.384,5.384,0.0,5.384,0.0,0.0,0.0,6.91,6.286,7.814,6.729,7.656
1,13.205,0.0,4.402,0.0,0.0,0.0,0.0,13.205,0.0,8.803,8.803,4.402,8.803,0.0,4.402,0.0,8.803,0.0,0.0,4.402,3.423,4.611,3.672,4.587,4.476
1,6.539,0.0,0.0,6.539,0.0,0.0,0.0,0.0,0.0,6.539,6.539,0.0,0.0,6.539,13.078,13.078,6.539,0.0,6.539,6.539,6.474,4.218,3.586,5.081,2.174
1,2.737,10.949,0.0,10.949,0.0,0.0,2.737,2.737,0.0,0.0,0.0,0.0,0.0,0.0,16.424,10.949,0.0,0.0,8.212,0.0,4.904,7.364,7.729,7.22,7.088
1,0.0,0.0,0.0,13.059,4.353,0.0,0.0,4.353,0.0,8.706,4.353,13.059,4.353,0.0,0.0,0.0,4.353,0.0,0.0,8.706,5.935,10.649,6.794,5.06,6.268
1,9.684,0.0,0.0,4.842,0.0,0.0,0.0,19.368,0.0,0.0,0.0,9.684,0.0,0.0,9.684,9.684,14.526,0.0,0.0,0.0,1.743,3.912,5.601,5.989,5.284
1,9.723,0.0,4.862,0.0,0.0,9.723,4.862,14.585,0.0,0.0,0.0,4.862,0.0,0.0,14.585,4.862,9.723,0.0,0.0,0.0,4.387,4.162,5.286,4.99,3.388
1,6.581,3.29,3.29,3.29,0.0,0.0,0.0,3.29,6.581,0.0,0.0,0.0,13.162,0.0,3.29,6.581,6.581,6.581,0.0,3.29,7.157,6.347,7.265,4.985,8.437
1,3.612,7.224,3.612,0.0,0.0,0.0,7.224,14.448,0.0,0.0,0.0,0.0,0.0,7.224,0.0,7.224,0.0,3.612,0.0,7.224,9.026,9.484,7.322,6.622,6.14
1,3.305,0.0,6.61,6.61,0.0,3.305,0.0,3.305,0.0,6.61,0.0,3.305,3.305,6.61,0.0,3.305,3.305,3.305,0.0,13.221,7.509,6.597,5.242,7.522,7.027
1,4.13,0.0,8.26,0.0,0.0,4.13,8.26,8.26,0.0,8.26,4.13,4.13,0.0,4.13,0.0,8.26,4.13,0.0,4.13,0.0,5.719,5.708,6.193,5.863,6.305
1,5.547,0.0,0.0,5.547,0.0,11.094,0.0,11.094,0.0,0.0,0.0,16.641,0.0,0.0,11.094,5.547,11.094,0.0,0.0,0.0,2.955,5.005,5.133,4.36,4.892
1,0.0,0.0,0.0,0.0,0.0,0.0,4.851,4.851,0.0,9.701,9.701,9.701,4.851,4.851,0.0,0.0,19.403,0.0,0.0,4.851,5.806,6.476,6.454,5.497,3.005
1,9.488,4.744,0.0,4.744,0.0,0.0,4.744,0.0,0.0,0.0,9.488,0.0,4.744,4.744,0.0,0.0,0.0,0.0,9.488,9.488,5.094,8.43,8.375,7.912,8.52
1,0.0,6.894,6.894,0.0,0.0,0.0,0.0,3.447,3.447,3.447,3.447,10.342,0.0,6.894,0.0,6.894,6.894,0.0,0.0,3.447,9.459,6.493,7.39,7.415,7.194
1,8.488,8.488,0.0,0.0,0.0,0.0,0.0,0.0,0.0,0.0,0.0,29.71,0.0,0.0,0.0,12.733,0.0,0.0,0.0,4.244,8.525,8.611,2.333,8.763,8.104
1,3.854,3.854,7.709,7.709,3.854,0.0,0.0,3.854,0.0,0.0,7.709,3.854,3.854,3.854,3.854,0.0,3.854,3.854,0.0,3.854,6.726,6.651,6.556,6.097,8.443
1,0.0,0.0,4.767,0.0,0.0,14.301,0.0,4.767,0.0,0.0,4.767,0.0,4.767,9.534,14.301,14.301,0.0,0.0,0.0,0.0,4.837,3.611,6.353,6.89,6.804
1,10.908,10.908,3.636,3.636,3.636,0.0,3.636,0.0,3.636,3.636,0.0,0.0,0.0,0.0,0.0,0.0,0.0,7.271,0.0,3.636,10.449,8.025,7.679,8.748,10.561
1,0.0,4.813,0.0,19.251,0.0,33.69,0.0,0.0,0.0,0.0,0.0,0.0,0.0,0.0,0.0,0.0,0.0,0.0,14.438,0.0,6.107,4.447,5.992,6.743,4.519
1,3.933,0.0,0.0,0.0,7.865,0.0,0.0,15.73,0.0,3.933,3.933,11.798,3.933,7.865,0.0,0.0,7.865,0.0,0.0,3.933,4.874,6.449,6.265,7.606,4.021
1,4.938,4.938,14.815,4.938,0.0,0.0,0.0,14.815,0.0,9.877,0.0,0.0,0.0,4.938,0.0,0.0,0.0,0.0,0.0,0.0,8.64,5.215,9.079,8.753,9.055
1,9.438,0.0,0.0,4.719,0.0,9.438,4.719,4.719,0.0,4.719,4.719,4.719,4.719,0.0,4.719,0.0,9.438,0.0,0.0,4.719,5.458,5.468,6.113,6.601,5.571
1,10.163,3.388,6.775,0.0,0.0,6.775,6.775,0.0,0.0,10.163,6.775,3.388,0.0,0.0,0.0,0.0,0.0,0.0,10.163,0.0,7.856,6.273,8.606,6.15,6.746
1,3.973,0.0,0.0,0.0,7.946,3.973,0.0,11.918,3.973,7.946,7.946,3.973,0.0,3.973,3.973,15.892,0.0,0.0,0.0,0.0,5.28,4.925,3.861,4.986,5.461
1,11.754,0.0,0.0,0.0,0.0,0.0,0.0,11.754,5.877,0.0,5.877,11.754,0.0,5.877,0.0,5.877,0.0,0.0,0.0,5.877,6.639,7.541,6.752,7.955,6.468
1,0.0,0.0,0.0,8.893,0.0,0.0,4.447,8.893,4.447,4.447,8.893,13.34,0.0,4.447,4.447,0.0,4.447,0.0,0.0,0.0,7.27,9.731,5.913,4.909,5.479
1,5.721,11.442,5.721,0.0,2.861,2.861,0.0,5.721,0.0,0.0,0.0,5.721,0.0,0.0,2.861,0.0,2.861,0.0,0.0,11.442,6.599,5.933,8.948,8.793,12.515
1,4.564,0.0,4.564,0.0,0.0,0.0,0.0,4.564,4.564,4.564,0.0,9.128,0.0,22.819,0.0,4.564,9.128,0.0,0.0,0.0,6.726,5.963,7.291,5.436,6.127
1,18.592,4.648,0.0,9.295,0.0,9.295,0.0,0.0,0.0,4.648,4.648,4.648,0.0,0.0,0.0,13.944,0.0,0.0,0.0,0.0,3.291,4.936,5.588,8.052,8.415
1,16.133,5.378,0.0,10.756,0.0,0.0,0.0,5.378,0.0,0.0,0.0,0.0,5.378,5.378,0.0,5.378,5.378,0.0,0.0,5.378,7.747,9.506,6.982,5.192,6.04
1,3.903,7.806,7.806,0.0,0.0,7.806,0.0,3.903,3.903,3.903,7.806,0.0,0.0,0.0,0.0,3.903,0.0,3.903,0.0,3.903,7.749,7.699,8.214,8.551,9.242
1,10.588,3.529,0.0,10.588,0.0,0.0,0.0,0.0,0.0,7.059,10.588,3.529,0.0,0.0,0.0,10.588,3.529,0.0,3.529,3.529,6.391,8.694,6.974,5.234,5.65
1,5.33,0.0,10.661,5.33,0.0,5.33,0.0,0.0,5.33,5.33,10.661,5.33,0.0,0.0,0.0,5.33,10.661,0.0,0.0,5.33,6.104,5.351,2.649,7.13,4.142
1,0.0,9.582,0.0,0.0,0.0,0.0,4.791,0.0,0.0,0.0,0.0,9.582,0.0,0.0,23.955,4.791,4.791,0.0,0.0,9.582,7.03,5.866,6.775,7.395,5.859
1,3.496,3.496,0.0,6.992,0.0,6.992,3.496,3.496,0.0,3.496,6.992,6.992,0.0,0.0,0.0,6.992,6.992,0.0,3.496,3.496,7.746,8.609,4.899,4.999,7.317
1,16.145,0.0,4.036,0.0,0.0,4.036,0.0,0.0,0.0,0.0,0.0,16.145,0.0,0.0,16.145,4.036,8.072,0.0,0.0,8.072,3.911,4.751,5.472,4.456,4.724
1,4.231,4.231,12.693,0.0,0.0,4.231,0.0,12.693,0.0,0.0,8.462,8.462,0.0,0.0,0.0,4.231,4.231,0.0,0.0,0.0,4.788,5.88,6.112,9.533,10.221
1,3.696,0.0,3.696,0.0,0.0,0.0,3.696,22.177,0.0,3.696,0.0,3.696,0.0,3.696,3.696,18.482,7.393,0.0,3.696,0.0,4.634,3.318,5.162,4.615,4.65
1,7.653,0.0,7.653,3.827,0.0,3.827,0.0,7.653,0.0,3.827,3.827,0.0,3.827,0.0,3.827,0.0,3.827,7.653,3.827,7.653,4.26,5.021,6.574,7.628,7.642
1,4.182,4.182,0.0,0.0,0.0,4.182,4.182,4.182,0.0,0.0,16.729,4.182,0.0,0.0,4.182,0.0,4.182,0.0,16.729,0.0,6.701,6.273,6.655,5.584,7.872
1,5.298,0.0,0.0,0.0,0.0,0.0,0.0,15.896,0.0,0.0,0.0,10.598,0.0,5.298,10.598,5.298,10.598,0.0,5.298,0.0,4.884,6.537,7.591,5.769,6.337
1,8.773,4.387,4.387,4.387,0.0,0.0,4.387,0.0,0.0,0.0,0.0,0.0,0.0,4.387,8.773,8.773,13.159,4.387,0.0,0.0,5.622,6.359,8.59,7.376,6.257
1,3.289,3.289,0.0,9.868,0.0,3.289,0.0,3.289,0.0,3.289,6.579,6.579,3.289,3.289,3.289,6.579,0.0,0.0,3.289,3.289,7.797,7.687,6.106,7.644,8.268
1,0.0,0.0,0.0,4.524,0.0,13.571,9.047,4.524,0.0,9.047,4.524,0.0,0.0,4.524,4.524,4.524,4.524,0.0,0.0,9.047,5.197,8.852,6.825,3.644,3.105
1,0.0,0.0,0.0,0.0,3.853,3.853,3.853,0.0,0.0,3.853,19.264,0.0,0.0,3.853,11.558,7.706,15.411,3.853,0.0,0.0,4.489,3.837,4.539,6.041,4.038
1,3.453,3.453,3.453,3.453,0.0,0.0,0.0,0.0,0.0,0.0,6.905,6.905,0.0,6.905,3.453,10.358,3.453,0.0,6.905,6.905,6.311,7.475,6.288,7.141,7.183
1,7.038,3.519,10.557,0.0,0.0,10.557,0.0,3.519,0.0,0.0,14.076,0.0,3.519,3.519,3.519,0.0,3.519,3.519,0.0,0.0,7.305,4.012,7.639,6.104,8.08
1,3.927,7.855,3.927,7.855,0.0,3.927,0.0,7.855,0.0,7.855,0.0,3.927,0.0,0.0,0.0,11.783,3.927,0.0,0.0,3.927,5.492,5.468,7.368,8.673,6.23
1,43.596,0.0,0.0,0.0,0.0,0.0,0.0,12.456,0.0,0.0,0.0,0.0,0.0,0.0,12.456,12.456,0.0,0.0,0.0,12.456,1.663,1.121,1.233,1.439,1.126
1,0.0,4.193,4.193,12.578,4.193,8.385,0.0,0.0,4.193,0.0,8.385,0.0,4.193,12.578,0.0,0.0,0.0,0.0,0.0,0.0,8.823,8.21,4.097,8.132,7.849
1,4.657,4.657,4.657,0.0,4.657,0.0,0.0,0.0,4.657,0.0,4.657,9.312,0.0,0.0,0.0,9.312,9.312,0.0,9.312,4.657,6.778,5.801,5.609,4.543,7.424
1,3.874,7.747,0.0,0.0,0.0,3.874,0.0,7.747,0.0,0.0,3.874,7.747,0.0,3.874,0.0,7.747,0.0,0.0,3.874,3.874,9.379,8.072,7.055,10.889,10.374
1,0.0,0.0,9.138,0.0,0.0,9.138,4.569,0.0,0.0,0.0,4.569,9.138,4.569,13.707,4.569,4.569,0.0,0.0,0.0,4.569,6.202,6.017,7.453,6.686,5.106
1,2.755,8.265,5.511,11.021,0.0,5.511,0.0,0.0,0.0,2.755,0.0,11.021,5.511,2.755,0.0,2.755,2.755,0.0,2.755,0.0,6.375,8.076,7.595,7.677,6.907
1,0.0,4.155,8.309,0.0,0.0,8.309,0.0,0.0,12.464,4.155,4.155,4.155,0.0,0.0,4.155,0.0,4.155,0.0,4.155,8.309,7.262,8.785,3.38,5.148,8.951
1,6.678,0.0,6.678,3.339,6.678,6.678,3.339,0.0,0.0,0.0,3.339,10.018,0.0,3.339,3.339,0.0,0.0,0.0,10.018,3.339,6.338,8.318,5.907,6.665,5.987
1,17.326,3.465,0.0,3.465,0.0,3.465,0.0,3.465,0.0,0.0,0.0,13.861,0.0,0.0,10.396,3.465,6.93,0.0,0.0,3.465,4.647,5.187,6.296,7.014,7.551
1,0.0,0.0,0.0,0.0,0.0,14.046,0.0,4.682,0.0,0.0,0.0,0.0,4.682,0.0,0.0,28.092,18.728,0.0,4.682,4.682,4.999,3.833,3.152,4.398,4.024
1,7.116,3.558,3.558,14.233,0.0,7.116,0.0,7.116,0.0,0.0,3.558,0.0,0.0,3.558,10.675,3.558,7.116,0.0,0.0,0.0,5.533,4.818,5.832,6.625,6.028
1,3.85,3.85,7.699,0.0,0.0,3.85,3.85,3.85,0.0,7.699,11.549,3.85,7.699,0.0,0.0,0.0,7.699,0.0,0.0,3.85,8.007,6.139,4.123,8.274,4.165
1,12.216,6.108,0.0,6.108,0.0,0.0,3.054,12.216,0.0,0.0,3.054,9.162,0.0,0.0,0.0,0.0,0.0,0.0,3.054,6.108,8.084,8.249,5.384,9.095,8.111
1,0.0,4.138,0.0,4.138,4.138,12.415,4.138,0.0,0.0,0.0,12.415,8.276,0.0,4.138,0.0,0.0,4.138,0.0,0.0,4.138,7.88,9.808,4.171,7.477,8.591
1,8.03,8.03,0.0,4.015,0.0,0.0,4.015,4.015,0.0,0.0,8.03,12.045,0.0,0.0,0.0,8.03,0.0,4.015,0.0,0.0,8.365,8.682,7.333,9.064,6.33
1,0.0,3.617,7.235,3.617,0.0,7.235,3.617,3.617,0.0,10.852,10.852,0.0,3.617,3.617,3.617,7.235,0.0,0.0,0.0,0.0,7.066,6.677,5.372,4.832,7.32
1,6.023,0.0,3.011,0.0,0.0,0.0,12.045,12.045,0.0,3.011,3.011,12.045,0.0,3.011,0.0,0.0,6.023,0.0,3.011,3.011,7.728,5.823,6.26,7.907,6.035
1,9.832,0.0,4.916,0.0,9.832,4.916,0.0,9.832,0.0,0.0,4.916,9.832,0.0,0.0,0.0,0.0,14.748,0.0,4.916,0.0,5.457,5.8,6.449,4.281,4.273
1,0.0,9.104,0.0,0.0,4.552,13.657,9.104,9.104,0.0,0.0,0.0,4.552,0.0,0.0,0.0,18.209,0.0,0.0,0.0,0.0,5.947,5.954,6.326,6.2,7.289
1,21.307,0.0,0.0,21.307,0.0,5.327,0.0,0.0,0.0,0.0,0.0,5.327,0.0,5.327,0.0,0.0,5.327,0.0,0.0,5.327,6.876,5.381,6.402,7.933,4.158
1,0.0,3.76,15.037,0.0,0.0,7.518,0.0,0.0,3.76,7.518,7.518,3.76,0.0,3.76,0.0,11.278,0.0,0.0,0.0,3.76,5.413,6.168,6.127,7.592,7.034
1,9.869,0.0,0.0,4.934,0.0,4.934,0.0,4.934,4.934,0.0,19.738,0.0,0.0,4.934,0.0,0.0,4.934,0.0,0.0,19.738,4.113,3.048,4.149,4.508,5.231
1,3.932,3.932,3.932,3.932,0.0,3.932,0.0,0.0,3.932,7.863,11.795,0.0,0.0,0.0,0.0,11.795,0.0,3.932,3.932,0.0,7.253,5.986,8.892,7.156,7.807
1,9.825,4.912,4.912,9.825,0.0,0.0,0.0,4.912,0.0,4.912,0.0,0.0,0.0,0.0,0.0,0.0,0.0,0.0,4.912,14.737,6.894,9.157,8.533,7.236,9.234
1,3.038,6.076,3.038,3.038,3.038,0.0,3.038,15.191,0.0,0.0,0.0,3.038,0.0,6.076,3.038,12.153,3.038,0.0,0.0,3.038,4.936,8.282,6.945,5.812,7.185
1,4.873,9.745,9.745,0.0,0.0,4.873,0.0,29.237,0.0,0.0,0.0,0.0,0.0,0.0,0.0,9.745,4.873,0.0,0.0,0.0,4.93,3.618,5.135,5.811,7.415
