label,PAAC1,PAAC2,PAAC3,PAAC4,PAAC5,PAAC6,PAAC7,PAAC8,PAAC9,PAAC10,PAAC11,PAAC12,PAAC13,PAAC14,PAAC15,PAAC16,PAAC17,PAAC18,PAAC19,PAAC20,PAAC21,PAAC22,PAAC23,PAAC24,PAAC25
1,10.382,0.0,0.0,5.191,0.0,5.191,0.0,5.191,0.0,5.191,5.191,5.191,0.0,0.0,5.191,5.191,20.765,0.0,0.0,5.191,3.566,4.154,3.94,5.147,5.326
1,9.681,3.227,16.136,3.227,0.0,0.0,0.0,6.455,3.227,3.227,6.455,3.227,0.0,0.0,6.455,0.0,9.681,0.0,0.0,3.227,3.526,6.042,5.927,5.166,5.114
1,3.573,7.146,0.0,14.293,0.0,3.573,0.0,0.0,0.0,0.0,0.0,0.0,0.0,0.0,14.293,3.573,3.573,0.0,7.146,7.146,6.519,6.01,7.017,6.663,9.474
1,6.87,0.0,10.305,0.0,0.0,6.87,3.435,3.435,0.0,3.435,6.87,10.305,0.0,0.0,0.0,0.0,6.87,0.0,10.305,0.0,5.541,4.775,6.214,7.365,7.406
1,12.832,0.0,8.555,4.277,0.0,0.0,12.832,4.277,0.0,0.0,12.832,4.277,0.0,0.0,0.0,0.0,4.277,0.0,0.0,8.555,5.817,5.792,4.508,5.232,5.937
1,0.0,0.0,0.0,0.0,0.0,0.0,0.0,5.094,0.0,5.094,10.187,10.187,5.094,10.187,15.281,5.094,5.094,0.0,0.0,0.0,5.608,6.781,6.015,4.781,5.505
1,0.0,5.662,2.831,5.662,5.662,11.325,0.0,0.0,0.0,0.0,5.662,0.0,2.831,0.0,2.831,11.325,8.494,2.831,0.0,2.831,7.284,4.909,6.292,5.178,8.388
1,6.441,6.441,3.221,3.221,0.0,6.441,0.0,0.0,0.0,9.662,3.221,0.0,3.221,6.441,0.0,9.662,3.221,0.0,0.0,3.221,7.453,9.878,6.177,4.358,7.72
1,9.252,4.626,0.0,9.252,9.252,0.0,4.626,0.0,0.0,4.626,4.626,4.626,0.0,0.0,4.626,4.626,0.0,0.0,0.0,4.626,9.167,5.32,8.192,3.419,9.141
1,13.81,4.603,0.0,4.603,9.207,4.603,4.603,0.0,0.0,4.603,4.603,4.603,0.0,0.0,4.603,4.603,0.0,0.0,0.0,0.0,7.663,7.424,5.961,4.843,9.661
1,4.702,4.702,4.702,0.0,9.404,9.404,0.0,0.0,0.0,4.702,4.702,4.702,0.0,0.0,4.702,9.404,0.0,0.0,0.0,4.702,6.527,6.454,7.679,6.02,7.491
1,5.55,5.55,5.55,5.55,0.0,5.55,0.0,11.1,0.0,0.0,0.0,0.0,0.0,0.0,5.55,5.55,0.0,0.0,5.55,5.55,8.385,6.218,10.095,5.37,8.88
1,5.667,5.667,17.003,0.0,0.0,5.667,5.667,0.0,0.0,0.0,0.0,0.0,0.0,0.0,0.0,11.335,5.667,0.0,5.667,5.667,5.815,6.9,5.801,6.165,7.308
1,7.727,0.0,0.0,0.0,0.0,7.727,19.318,3.864,0.0,0.0,0.0,0.0,0.0,0.0,30.908,0.0,0.0,0.0,7.727,0.0,4.273,5.258,3.782,4.068,5.347
1,0.0,15.912,0.0,0.0,0.0,3.182,3.182,12.73,3.182,0.0,0.0,0.0,0.0,0.0,0.0,19.095,3.182,0.0,0.0,0.0,11.026,5.584,8.021,6.298,8.604
1,4.954,0.0,0.0,0.0,0.0,0.0,0.0,24.769,0.0,0.0,4.954,4.954,0.0,0.0,34.677,0.0,0.0,0.0,4.954,0.0,4.542,5.303,2.406,4.237,4.252
1,7.002,3.501,3.501,7.002,0.0,0.0,3.501,3.501,0.0,7.002,3.501,7.002,0.0,0.0,3.501,0.0,7.002,0.0,0.0,10.504,6.253,7.65,5.914,7.095,6.563
1,6.092,0.0,3.046,3.046,0.0,3.046,0.0,15.231,0.0,6.092,6.092,3.046,3.046,6.092,0.0,3.046,0.0,0.0,0.0,15.231,3.849,6.558,6.203,5.085,5.194
1,3.691,7.382,0.0,7.382,0.0,0.0,0.0,14.765,0.0,7.382,3.691,0.0,0.0,7.382,0.0,3.691,0.0,0.0,0.0,0.0,7.782,12.253,9.133,6.721,8.745
1,3.461,3.461,3.461,0.0,3.461,0.0,3.461,10.384,0.0,3.461,0.0,0.0,0.0,10.384,3.461,6.923,0.0,3.461,3.461,10.384,7.269,6.362,6.746,6.452,3.946
1,0.0,5.585,5.585,5.585,0.0,0.0,5.585,5.585,5.585,11.171,0.0,0.0,0.0,0.0,0.0,11.171,5.585,5.585,0.0,0.0,6.545,7.259,6.585,6.16,6.428
1,2.938,8.813,5.876,5.876,0.0,0.0,0.0,2.938,0.0,2.938,2.938,5.876,2.938,5.876,2.938,2.938,2.938,0.0,0.0,2.938,7.629,10.788,10.276,7.159,5.391
1,9.522,0.0,4.761,9.522,0.0,14.283,4.761,0.0,4.761,0.0,9.522,0.0,0.0,4.761,4.761,0.0,0.0,0.0,0.0,4.761,5.724,6.402,6.481,3.582,6.395
1,2.737,0.0,0.0,5.473,0.0,10.947,2.737,8.21,0.0,8.21,2.737,10.947,0.0,0.0,2.737,0.0,8.21,0.0,2.737,0.0,5.59,7.698,7.176,6.716,7.137
1,8.658,4.329,4.329,4.329,0.0,12.987,4.329,0.0,4.329,0.0,8.658,8.658,0.0,0.0,0.0,0.0,0.0,0.0,4.329,0.0,8.532,7.117,5.994,6.812,6.61
1,6.107,9.161,3.054,3.054,0.0,12.214,0.0,0.0,0.0,3.054,3.054,0.0,3.054,3.054,6.107,3.054,3.054,3.054,0.0,0.0,9.283,7.338,7.176,7.151,7.982
1,11.618,0.0,0.0,0.0,0.0,0.0,11.618,17.427,0.0,0.0,0.0,0.0,0.0,0.0,0.0,29.045,17.427,0.0,0.0,0.0,3.268,3.329,0.688,2.836,2.745
1,4.525,0.0,0.0,9.05,4.525,4.525,0.0,9.05,4.525,4.525,13.575,0.0,0.0,0.0,4.525,0.0,0.0,0.0,9.05,0.0,8.668,5.389,5.522,6.509,6.037
1,16.222,8.111,0.0,4.056,0.0,0.0,0.0,0.0,0.0,0.0,12.167,0.0,4.056,0.0,4.056,4.056,0.0,0.0,4.056,4.056,8.733,8.447,4.9,7.492,9.596
1,0.0,0.0,0.0,4.986,0.0,4.986,0.0,4.986,0.0,0.0,4.986,9.972,0.0,9.972,0.0,0.0,14.958,0.0,0.0,9.972,6.203,7.169,8.524,6.9,6.385
1,8.355,4.178,0.0,8.355,0.0,0.0,0.0,0.0,0.0,0.0,12.533,8.355,0.0,8.355,0.0,0.0,8.355,0.0,4.178,0.0,7.068,7.921,8.256,8.062,6.031
1,2.623,10.491,2.623,5.245,0.0,2.623,5.245,10.491,2.623,0.0,0.0,0.0,0.0,0.0,7.868,0.0,7.868,0.0,5.245,0.0,7.182,6.219,8.611,7.761,7.28
1,4.935,0.0,0.0,14.805,0.0,0.0,0.0,9.87,0.0,0.0,9.87,14.805,4.935,0.0,0.0,0.0,4.935,0.0,0.0,0.0,7.035,4.202,9.264,8.347,6.996
1,5.922,2.961,2.961,2.961,0.0,11.845,11.845,0.0,0.0,2.961,0.0,2.961,0.0,2.961,14.805,0.0,5.922,2.961,0.0,0.0,5.795,6.183,5.604,5.636,5.717
1,0.0,5.015,0.0,0.0,0.0,15.046,0.0,5.015,5.015,0.0,15.046,0.0,0.0,0.0,5.015,5.015,0.0,5.015,0.0,0.0,9.434,6.25,8.143,7.7,8.29
1,0.0,4.738,0.0,0.0,4.738,0.0,0.0,0.0,0.0,0.0,9.476,23.689,0.0,0.0,4.738,0.0,0.0,0.0,14.213,0.0,6.864,7.958,8.644,5.417,9.525
1,0.0,17.199,0.0,0.0,8.6,2.867,2.867,2.867,0.0,0.0,2.867,0.0,2.867,0.0,0.0,8.6,8.6,2.867,0.0,0.0,8.416,7.892,7.338,7.964,8.193
1,10.639,7.092,3.546,3.546,0.0,0.0,0.0,3.546,0.0,3.546,0.0,0.0,0.0,0.0,0.0,3.546,0.0,7.092,3.546,7.092,5.503,10.333,9.774,9.998,11.2
1,0.0,5.709,5.709,2.855,0.0,2.855,2.855,2.855,5.709,2.855,0.0,5.709,0.0,5.709,5.709,2.855,8.563,0.0,0.0,8.563,6.244,6.022,6.816,5.758,6.652
1,6.683,0.0,0.0,6.683,0.0,3.341,6.683,16.706,0.0,3.341,6.683,0.0,0.0,6.683,3.341,3.341,3.341,0.0,3.341,0.0,4.578,5.305,6.315,5.778,7.859
1,7.815,0.0,0.0,3.907,3.907,3.907,3.907,7.815,0.0,0.0,7.815,7.815,3.907,3.907,0.0,0.0,3.907,0.0,3.907,3.907,6.712,7.675,6.752,6.629,5.806
1,0.0,0.0,0.0,4.521,0.0,4.521,0.0,4.521,0.0,0.0,18.084,4.521,0.0,13.563,4.521,0.0,4.521,4.521,4.521,0.0,6.018,8.127,6.944,4.628,6.469
1,8.835,0.0,0.0,4.418,0.0,4.418,4.418,8.835,0.0,0.0,4.418,4.418,0.0,4.418,0.0,13.253,0.0,0.0,4.418,4.418,7.17,5.52,6.832,7.514,6.699
1,0.0,0.0,5.46,5.46,0.0,10.921,0.0,5.46,0.0,0.0,5.46,0.0,10.921,0.0,5.46,10.921,5.46,0.0,0.0,10.921,4.56,6.574,5.122,4.537,2.763
1,6.794,0.0,0.0,6.794,3.397,10.191,0.0,0.0,0.0,0.0,10.191,6.794,3.397,0.0,3.397,3.397,3.397,3.397,0.0,6.794,4.943,6.413,7.959,6.991,5.754
1,3.296,3.296,6.593,3.296,3.296,3.296,0.0,0.0,0.0,0.0,3.296,0.0,3.296,3.296,9.889,9.889,3.296,3.296,6.593,0.0,5.479,6.24,6.487,7.203,8.663
1,0.0,8.859,0.0,0.0,0.0,0.0,0.0,5.906,0.0,8.859,2.953,2.953,2.953,5.906,2.953,2.953,0.0,5.906,2.953,2.953,8.969,7.042,8.13,8.582,11.168
1,3.495,6.99,3.495,0.0,0.0,3.495,6.99,0.0,0.0,0.0,6.99,13.98,0.0,0.0,3.495,17.475,3.495,0.0,0.0,0.0,5.008,4.358,5.795,8.745,6.193
1,3.514,3.514,0.0,3.514,0.0,7.029,0.0,0.0,0.0,7.029,0.0,7.029,3.514,3.514,7.029,0.0,0.0,3.514,0.0,10.543,8.863,9.296,7.832,9.248,5.018
1,4.346,13.037,8.691,0.0,0.0,0.0,4.346,8.691,0.0,0.0,4.346,8.691,0.0,0.0,8.691,4.346,0.0,0.0,0.0,0.0,8.761,9.39,3.706,6.906,6.052
1,6.782,6.782,0.0,3.391,0.0,3.391,0.0,0.0,0.0,3.391,6.782,10.173,3.391,10.173,0.0,0.0,3.391,0.0,0.0,0.0,9.598,9.506,8.97,4.606,9.673
1,0.0,0.0,3.704,3.704,0.0,0.0,0.0,7.407,0.0,11.111,11.111,14.815,0.0,3.704,0.0,7.407,3.704,0.0,0.0,0.0,8.57,6.983,5.863,8.223,3.693
1,0.0,0.0,0.0,0.0,0.0,21.376,8.551,8.551,0.0,12.826,0.0,0.0,0.0,0.0,0.0,0.0,8.551,0.0,0.0,8.551,4.867,7.217,8.321,6.868,4.323
1,4.068,4.068,0.0,4.068,0.0,8.136,8.136,4.068,0.0,0.0,0.0,4.068,4.068,12.205,0.0,0.0,4.068,0.0,0.0,4.068,6.929,9.553,8.87,7.152,6.472
1,3.84,7.68,3.84,3.84,0.0,3.84,3.84,3.84,0.0,0.0,7.68,0.0,0.0,3.84,0.0,3.84,3.84,0.0,0.0,7.68,6.094,9.418,6.863,7.601,12.422
1,5.231,10.463,0.0,10.463,0.0,15.694,5.231,5.231,0.0,0.0,0.0,0.0,0.0,0.0,5.231,5.231,0.0,0.0,0.0,5.231,6.365,6.393,6.807,5.196,7.232
1,4.035,20.178,0.0,0.0,0.0,0.0,0.0,12.107,0.0,0.0,4.035,0.0,0.0,0.0,0.0,0.0,4.035,0.0,0.0,4.035,14.703,4.702,13.62,5.206,13.342
1,0.0,0.0,4.597,4.597,0.0,9.193,0.0,0.0,0.0,0.0,4.597,4.597,0.0,4.597,18.387,0.0,0.0,0.0,13.79,4.597,6.578,7.081,6.054,4.23,7.109
1,0.0,0.0,0.0,4.346,0.0,26.077,4.346,8.692,0.0,4.346,0.0,0.0,0.0,0.0,4.346,0.0,4.346,0.0,0.0,13.038,4.454,7.448,9.461,6.158,2.941
1,4.58,9.16,0.0,4.58,0.0,13.74,0.0,0.0,0.0,0.0,4.58,4.58,0.0,9.16,4.58,4.58,4.58,0.0,0.0,0.0,8.101,9.935,4.588,5.139,8.12
1,9.491,0.0,0.0,0.0,4.746,0.0,0.0,4.746,4.746,0.0,14.237,0.0,4.746,4.746,4.746,4.746,9.491,4.746,0.0,4.746,3.884,5.243,6.689,5.661,2.593
1,0.0,12.991,0.0,0.0,0.0,0.0,8.661,8.661,0.0,0.0,8.661,0.0,0.0,0.0,4.33,0.0,8.661,0.0,4.33,4.33,6.49,8.124,9.691,7.908,7.163
1,0.0,6.419,3.209,6.419,0.0,6.419,3.209,3.209,3.209,0.0,16.047,0.0,0.0,0.0,0.0,3.209,3.209,0.0,3.209,6.419,7.783,6.412,8.219,8.242,5.157
1,0.0,11.864,3.955,7.909,0.0,0.0,3.955,3.955,0.0,3.955,3.955,3.955,3.955,3.955,3.955,0.0,0.0,0.0,0.0,3.955,7.237,7.308,7.516,10.924,7.694
1,6.109,0.0,0.0,0.0,0.0,6.109,6.109,6.109,6.109,0.0,12.218,0.0,0.0,0.0,0.0,12.218,18.327,0.0,0.0,6.109,4.801,2.613,5.464,3.979,3.729
1,13.082,4.361,0.0,4.361,0.0,0.0,0.0,4.361,0.0,0.0,0.0,8.721,0.0,8.721,4.361,4.361,8.721,0.0,0.0,0.0,9.227,8.076,5.448,6.553,9.648
1,0.0,4.596,0.0,9.191,0.0,0.0,0.0,0.0,0.0,9.191,18.383,0.0,0.0,4.596,9.191,4.596,4.596,0.0,4.596,0.0,6.401,6.549,6.831,6.842,4.443
1,3.649,10.948,7.299,0.0,0.0,10.948,3.649,0.0,0.0,0.0,7.299,7.299,3.649,3.649,0.0,0.0,3.649,0.0,0.0,0.0,6.859,9.778,6.44,4.377,10.507
1,3.852,3.852,0.0,0.0,0.0,3.852,0.0,0.0,0.0,11.555,0.0,11.555,0.0,0.0,7.703,3.852,0.0,3.852,3.852,3.852,6.511,6.263,8.109,10.712,10.628
1,3.071,6.142,3.071,3.071,0.0,6.142,3.071,0.0,3.071,6.142,12.283,6.142,0.0,0.0,0.0,3.071,0.0,0.0,6.142,0.0,8.85,8.749,4.296,8.798,7.892
1,3.892,0.0,0.0,0.0,3.892,7.785,0.0,3.892,0.0,3.892,3.892,7.785,3.892,11.677,0.0,7.785,0.0,0.0,3.892,3.892,6.269,8.357,5.915,5.068,8.221
1,0.0,0.0,0.0,0.0,0.0,4.418,8.836,17.672,0.0,13.254,0.0,4.418,0.0,0.0,8.836,8.836,8.836,0.0,4.418,0.0,3.805,4.95,3.487,2.529,5.706
1,4.062,8.124,12.186,0.0,4.062,0.0,0.0,8.124,0.0,4.062,4.062,0.0,4.062,4.062,4.062,0.0,8.124,0.0,0.0,0.0,8.157,3.484,8.017,7.24,8.108
1,10.963,3.654,0.0,0.0,3.654,7.308,0.0,0.0,0.0,3.654,3.654,0.0,10.963,0.0,3.654,3.654,7.308,3.654,0.0,3.654,5.943,6.291,6.541,7.39,8.061
1,0.0,4.638,0.0,4.638,9.275,0.0,4.638,13.914,0.0,0.0,0.0,4.638,4.638,0.0,4.638,9.275,0.0,0.0,0.0,9.275,7.969,5.263,4.219,7.298,5.684
1,3.238,3.238,0.0,12.951,0.0,6.475,0.0,3.238,0.0,3.238,3.238,3.238,3.238,0.0,6.475,0.0,0.0,0.0,3.238,12.951,8.305,4.037,7.874,6.258,8.771
1,15.356,0.0,0.0,0.0,0.0,15.356,0.0,0.0,0.0,0.0,0.0,15.356,0.0,0.0,20.475,10.237,0.0,0.0,0.0,0.0,7.321,3.774,5.609,6.45,0.065
1,4.382,8.763,4.382,17.526,0.0,0.0,0.0,4.382,0.0,4.382,0.0,4.382,0.0,0.0,0.0,8.763,13.145,0.0,0.0,0.0,8.616,4.399,5.77,7.985,3.127
1,4.342,0.0,0.0,0.0,0.0,17.37,4.342,4.342,0.0,4.342,13.027,8.685,4.342,0.0,0.0,0.0,4.342,0.0,0.0,4.342,6.034,7.372,5.187,4.87,7.059
1,0.0,0.0,0.0,6.787,0.0,10.181,0.0,6.787,0.0,3.394,13.575,6.787,0.0,0.0,0.0,0.0,3.394,0.0,6.787,6.787,7.228,9.043,5.445,6.032,7.77
1,0.0,4.028,16.114,0.0,0.0,8.057,4.028,0.0,0.0,4.028,4.028,12.085,0.0,0.0,24.171,0.0,0.0,0.0,0.0,0.0,5.53,5.205,2.843,4.979,4.902
1,0.0,6.854,3.427,3.427,0.0,6.854,3.427,3.427,0.0,0.0,13.708,3.427,0.0,0.0,0.0,10.281,3.427,0.0,0.0,6.854,5.18,7.989,7.159,7.107,7.452
1,5.277,0.0,10.554,0.0,0.0,0.0,0.0,10.554,0.0,0.0,10.554,0.0,10.554,0.0,10.554,5.277,10.554,0.0,0.0,10.554,3.369,3.073,2.976,3.221,2.93
1,0.0,5.068,5.068,5.068,0.0,15.206,5.068,5.068,0.0,0.0,0.0,0.0,0.0,5.068,0.0,5.068,0.0,5.068,5.068,0.0,5.319,7.521,8.719,8.211,9.406
1,10.269,5.134,0.0,0.0,0.0,0.0,10.269,0.0,0.0,10.269,0.0,15.403,0.0,0.0,5.134,0.0,0.0,0.0,5.134,0.0,6.491,4.809,8.274,7.529,11.287
1,9.607,0.0,0.0,9.607,0.0,4.803,4.803,0.0,0.0,0.0,9.607,9.607,0.0,0.0,0.0,4.803,4.803,0.0,4.803,4.803,6.009,7.048,6.567,7.737,5.393
1,0.0,0.0,0.0,5.923,0.0,2.962,0.0,0.0,5.923,5.923,8.884,5.923,0.0,2.962,2.962,8.884,11.846,2.962,0.0,5.923,6.617,6.294,4.926,5.295,5.793
1,0.0,3.967,15.869,7.935,3.967,3.967,7.935,3.967,3.967,0.0,0.0,7.935,0.0,0.0,3.967,7.935,7.935,0.0,0.0,0.0,3.757,4.8,2.833,3.991,5.273
1,3.924,11.771,3.924,3.924,3.924,3.924,0.0,0.0,0.0,0.0,7.847,7.847,3.924,3.924,0.0,0.0,3.924,0.0,0.0,0.0,4.97,8.381,8.531,9.358,9.905
1,0.0,0.0,4.823,0.0,0.0,4.823,4.823,9.645,0.0,0.0,9.645,4.823,0.0,9.645,9.645,0.0,14.468,0.0,0.0,0.0,5.838,4.955,5.964,5.339,5.563
1,0.0,0.0,0.0,0.0,0.0,0.0,0.0,0.0,0.0,0.0,0.0,0.0,0.0,0.0,48.909,24.455,19.564,0.0,0.0,4.891,0.538,0.411,0.386,0.43,0.416
1,0.0,0.0,0.0,0.0,0.0,0.0,0.0,5.438,0.0,0.0,16.313,0.0,0.0,16.313,5.438,5.438,5.438,5.438,5.438,10.875,4.811,5.268,3.852,6.391,3.551
1,0.0,0.0,0.0,8.043,0.0,0.0,0.0,4.022,0.0,8.043,0.0,0.0,0.0,4.022,12.065,20.109,16.087,0.0,0.0,8.043,4.689,2.916,3.595,4.078,4.287
1,9.695,4.847,0.0,4.847,0.0,9.695,19.389,0.0,0.0,0.0,4.847,0.0,0.0,0.0,0.0,4.847,0.0,0.0,4.847,4.847,6.359,5.174,5.578,8.449,6.579
1,0.0,3.592,7.183,0.0,0.0,0.0,0.0,3.592,3.592,0.0,17.958,7.183,0.0,0.0,3.592,14.367,10.775,0.0,0.0,0.0,6.056,5.686,5.959,5.301,5.165
1,8.667,4.334,0.0,4.334,0.0,4.334,4.334,0.0,4.334,0.0,0.0,13.001,0.0,8.667,0.0,8.667,4.334,0.0,0.0,0.0,7.778,7.352,7.394,4.189,8.285
1,6.042,0.0,0.0,0.0,6.042,0.0,0.0,0.0,6.042,0.0,12.084,0.0,0.0,12.084,6.042,12.084,6.042,6.042,0.0,0.0,3.016,4.046,5.688,6.732,8.015
1,0.0,0.0,6.605,3.302,0.0,0.0,9.907,3.302,9.907,9.907,9.907,3.302,3.302,3.302,3.302,0.0,3.302,0.0,0.0,6.605,6.023,5.07,2.571,6.046,4.337
1,3.836,3.836,0.0,0.0,3.836,3.836,7.672,11.508,3.836,3.836,0.0,15.344,3.836,0.0,3.836,0.0,0.0,0.0,0.0,0.0,9.097,6.228,8.442,6.482,4.539
1,8.757,4.379,4.379,13.135,0.0,8.757,4.379,0.0,0.0,0.0,8.757,4.379,4.379,0.0,0.0,0.0,4.379,0.0,0.0,0.0,6.545,7.366,7.221,7.71,5.481
1,5.273,0.0,0.0,0.0,0.0,5.273,0.0,5.273,0.0,10.546,10.546,5.273,0.0,0.0,10.546,15.819,5.273,0.0,0.0,5.273,3.591,4.773,3.769,3.627,5.145
1,6.5,6.5,6.5,0.0,0.0,6.5,0.0,6.5,3.25,3.25,0.0,3.25,0.0,3.25,0.0,6.5,0.0,0.0,3.25,9.751,8.62,5.681,6.754,6.614,7.326
1,4.224,8.447,0.0,8.447,0.0,8.447,12.671,4.224,0.0,4.224,4.224,0.0,4.224,4.224,0.0,0.0,0.0,0.0,0.0,0.0,10.184,8.727,5.049,6.519,6.167
1,0.0,0.0,3.675,3.675,0.0,3.675,0.0,3.675,0.0,3.675,7.349,0.0,0.0,3.675,14.698,11.024,7.349,3.675,0.0,7.349,4.832,4.722,6.001,4.95,6.004
1,3.203,9.61,0.0,0.0,0.0,0.0,0.0,9.61,3.203,0.0,0.0,0.0,19.22,0.0,25.626,0.0,0.0,0.0,0.0,0.0,5.437,6.149,6.332,4.792,6.818
1,5.807,5.807,0.0,0.0,0.0,0.0,5.807,0.0,0.0,0.0,5.807,11.614,0.0,0.0,5.807,5.807,11.614,0.0,0.0,11.614,3.693,6.665,7.46,5.752,6.745
1,4.353,0.0,0.0,4.353,0.0,8.705,4.353,13.058,4.353,4.353,8.705,0.0,4.353,0.0,0.0,4.353,0.0,4.353,0.0,0.0,7.701,7.652,5.338,7.27,6.748
1,0.0,0.0,10.592,0.0,0.0,5.296,0.0,5.296,0.0,5.296,0.0,15.889,5.296,0.0,10.592,10.592,5.296,0.0,0.0,0.0,5.661,4.805,5.98,3.826,5.583
1,10.299,5.149,0.0,5.149,0.0,0.0,10.299,0.0,5.149,0.0,0.0,5.149,0.0,0.0,5.149,5.149,0.0,5.149,0.0,5.149,4.363,8.407,7.971,8.917,8.549
1,3.857,0.0,0.0,0.0,0.0,3.857,0.0,7.715,0.0,11.572,3.857,7.715,0.0,0.0,7.715,27.002,3.857,0.0,0.0,0.0,4.559,4.606,4.783,4.463,4.44
1,0.0,23.457,0.0,0.0,4.691,4.691,9.383,0.0,0.0,0.0,0.0,0.0,0.0,0.0,4.691,18.765,0.0,0.0,0.0,0.0,4.939,6.703,8.742,9.294,4.644
1,0.0,0.0,3.828,3.828,0.0,19.14,3.828,3.828,0.0,11.484,3.828,3.828,0.0,0.0,3.828,7.656,7.656,0.0,0.0,0.0,4.644,6.28,6.32,4.466,5.557
1,4.799,0.0,9.597,4.799,0.0,9.597,4.799,0.0,9.597,9.597,4.799,4.799,0.0,0.0,4.799,0.0,0.0,0.0,0.0,4.799,5.269,6.284,7.039,5.582,3.851
1,0.0,4.011,12.032,8.021,0.0,0.0,0.0,4.011,0.0,0.0,0.0,8.021,0.0,0.0,0.0,4.011,8.021,8.021,0.0,4.011,9.048,8.957,4.235,6.906,10.696
1,4.903,0.0,9.805,0.0,4.903,0.0,0.0,9.805,0.0,4.903,4.903,0.0,0.0,9.805,0.0,9.805,9.805,0.0,4.903,0.0,4.909,4.453,6.387,5.332,5.379
1,0.0,5.169,5.169,5.169,0.0,10.338,0.0,0.0,0.0,0.0,31.013,0.0,0.0,0.0,0.0,5.169,0.0,0.0,0.0,0.0,7.607,8.333,6.119,6.931,8.984
1,5.284,0.0,0.0,10.567,0.0,0.0,5.284,0.0,0.0,5.284,10.567,0.0,5.284,0.0,5.284,15.85,5.284,0.0,0.0,10.567,3.871,3.586,4.601,4.454,4.236
1,4.016,4.016,0.0,8.032,0.0,0.0,8.032,4.016,0.0,4.016,4.016,0.0,4.016,0.0,4.016,20.08,4.016,0.0,0.0,8.032,5.593,4.723,4.483,3.895,5.002
1,6.537,0.0,0.0,6.537,0.0,6.537,0.0,0.0,0.0,6.537,6.537,0.0,0.0,6.537,0.0,6.537,19.61,0.0,0.0,6.537,5.684,6.043,4.58,5.651,6.14
1,12.154,8.103,0.0,12.154,0.0,4.051,0.0,0.0,0.0,0.0,4.051,8.103,4.051,0.0,0.0,0.0,0.0,0.0,4.051,0.0,6.435,8.632,8.275,9.69,10.252
1,0.0,5.796,2.898,2.898,0.0,5.796,0.0,2.898,0.0,2.898,8.695,8.695,0.0,2.898,0.0,2.898,8.695,0.0,2.898,2.898,10.079,4.604,9.601,4.981,9.875
1,9.226,0.0,13.838,0.0,0.0,0.0,0.0,0.0,0.0,18.45,0.0,0.0,0.0,4.612,4.612,13.838,9.226,0.0,4.612,0.0,5.132,2.549,5.458,3.909,4.536
1,0.0,5.123,0.0,0.0,0.0,5.123,5.123,20.492,10.246,0.0,0.0,0.0,0.0,0.0,0.0,10.246,15.37,0.0,0.0,0.0,4.884,7.603,5.831,4.515,5.444
1,0.0,8.143,8.143,4.071,0.0,12.215,4.071,0.0,0.0,8.143,4.071,0.0,4.071,0.0,4.071,0.0,12.215,0.0,0.0,0.0,6.607,7.043,5.112,5.838,6.184
1,0.0,4.07,4.07,8.14,0.0,4.07,0.0,12.21,0.0,8.14,4.07,8.14,0.0,0.0,0.0,4.07,0.0,0.0,0.0,4.07,7.989,9.454,5.134,5.25,11.121
1,0.0,5.166,15.498,5.166,0.0,0.0,0.0,15.498,0.0,5.166,5.166,0.0,0.0,0.0,0.0,0.0,5.166,5.166,0.0,0.0,5.452,6.844,7.34,8.787,9.587
1,0.0,0.0,9.31,4.656,0.0,9.31,4.656,0.0,4.656,4.656,9.31,0.0,0.0,4.656,4.656,0.0,0.0,4.656,9.31,0.0,7.294,5.157,7.182,4.602,5.936
1,4.323,4.323,0.0,0.0,0.0,4.323,4.323,4.323,0.0,8.646,12.97,4.323,0.0,0.0,0.0,8.646,0.0,0.0,4.323,4.323,7.14,7.818,9.199,5.12,5.875
1,0.0,0.0,0.0,0.0,0.0,0.0,44.443,0.0,4.04,0.0,0.0,0.0,0.0,8.081,20.202,0.0,8.081,0.0,0.0,0.0,2.927,2.97,2.987,3.118,3.152
1,8.361,4.181,4.181,4.181,4.181,0.0,4.181,8.361,0.0,0.0,4.181,12.542,0.0,4.181,0.0,0.0,4.181,0.0,0.0,0.0,8.287,6.105,7.296,8.547,7.058
1,8.057,8.057,4.029,4.029,0.0,4.029,4.029,4.029,0.0,0.0,0.0,4.029,0.0,0.0,0.0,4.029,4.029,0.0,4.029,8.057,9.602,4.834,9.892,7.719,7.526
1,5.99,0.0,0.0,5.99,5.99,0.0,0.0,5.99,5.99,0.0,0.0,5.99,0.0,11.981,11.981,5.99,0.0,0.0,0.0,5.99,6.613,4.173,5.952,5.967,5.409
1,24.278,0.0,4.856,9.711,0.0,0.0,0.0,4.856,0.0,9.711,4.856,0.0,4.856,4.856,0.0,0.0,4.856,0.0,0.0,0.0,5.627,4.92,5.59,6.125,4.902
1,0.0,0.0,2.713,0.0,0.0,5.425,5.425,8.138,0.0,8.138,0.0,8.138,0.0,5.425,2.713,2.713,5.425,2.713,8.138,0.0,7.174,6.758,7.659,5.833,7.474
1,0.0,0.0,0.0,8.527,0.0,0.0,4.264,0.0,0.0,12.791,8.527,4.264,0.0,8.527,0.0,8.527,0.0,0.0,8.527,4.264,7.112,7.163,4.445,5.983,7.078
1,0.0,0.0,6.498,6.498,0.0,3.249,0.0,12.995,0.0,9.746,12.995,0.0,3.249,0.0,0.0,0.0,12.995,0.0,3.249,3.249,5.388,4.771,5.72,5.481,3.916
1,3.956,7.912,0.0,3.956,0.0,3.956,0.0,3.956,0.0,0.0,7.912,0.0,3.956,3.956,3.956,7.912,3.956,3.956,0.0,0.0,8.554,7.1,8.138,9.008,7.86
1,2.921,2.921,5.841,5.841,2.921,5.841,2.921,5.841,0.0,0.0,8.761,5.841,2.921,0.0,0.0,5.841,5.841,0.0,0.0,5.841,6.75,6.561,5.446,5.369,5.783
1,17.184,3.437,3.437,3.437,0.0,3.437,6.873,0.0,0.0,0.0,3.437,6.873,0.0,0.0,0.0,0.0,6.873,0.0,6.873,3.437,8.724,5.815,6.066,7.339,6.758
1,0.0,5.494,5.494,0.0,0.0,0.0,5.494,5.494,5.494,0.0,5.494,0.0,0.0,0.0,0.0,10.989,0.0,0.0,10.989,10.989,5.792,6.435,7.108,7.282,7.447
1,0.0,0.0,4.836,4.836,0.0,9.672,0.0,4.836,0.0,4.836,4.836,4.836,0.0,4.836,4.836,9.672,14.508,0.0,0.0,0.0,5.774,5.636,7.316,5.898,2.836
1,0.0,0.0,9.614,4.807,0.0,4.807,0.0,0.0,0.0,0.0,9.614,0.0,0.0,4.807,9.614,4.807,0.0,0.0,14.422,9.614,5.873,5.322,5.57,5.538,5.588
1,4.323,4.323,0.0,4.323,0.0,4.323,0.0,0.0,4.323,4.323,8.645,4.323,4.323,0.0,0.0,12.967,4.323,0.0,4.323,0.0,7.125,8.111,4.091,6.574,9.262
1,6.884,0.0,0.0,6.884,3.442,3.442,6.884,10.326,0.0,6.884,0.0,6.884,0.0,3.442,0.0,6.884,0.0,0.0,3.442,3.442,6.867,5.297,6.746,6.385,5.868
1,6.979,6.979,6.979,0.0,0.0,3.49,10.469,3.49,0.0,6.979,3.49,3.49,0.0,3.49,0.0,3.49,3.49,0.0,0.0,3.49,7.121,6.196,4.379,7.642,8.358
1,0.0,6.875,6.875,27.501,6.875,0.0,0.0,3.438,0.0,0.0,3.438,0.0,0.0,0.0,3.438,3.438,0.0,0.0,0.0,6.875,5.524,5.713,5.239,5.383,9.388
1,0.0,12.493,0.0,4.164,0.0,0.0,4.164,4.164,0.0,4.164,4.164,4.164,0.0,0.0,12.493,0.0,4.164,0.0,0.0,4.164,4.944,5.76,8.121,12.587,10.287
1,3.156,6.311,6.311,0.0,3.156,3.156,0.0,3.156,3.156,0.0,3.156,3.156,0.0,3.156,3.156,3.156,6.311,0.0,6.311,6.311,8.315,6.693,7.154,7.466,7.258
1,0.0,4.342,0.0,0.0,8.683,0.0,0.0,8.683,0.0,8.683,4.342,8.683,0.0,0.0,0.0,13.025,4.342,0.0,4.342,0.0,6.666,8.535,6.63,6.425,6.62
1,6.622,3.311,3.311,3.311,0.0,0.0,3.311,0.0,0.0,0.0,6.622,9.932,0.0,3.311,6.622,6.622,3.311,0.0,3.311,6.622,6.046,7.065,7.019,7.138,6.516
1,3.793,3.793,11.379,3.793,0.0,3.793,3.793,0.0,0.0,3.793,7.586,11.379,0.0,0.0,0.0,3.793,7.586,0.0,0.0,7.586,4.937,6.483,5.452,5.985,5.074
1,0.0,0.0,13.239,8.826,0.0,0.0,4.413,0.0,0.0,8.826,4.413,8.826,0.0,0.0,8.826,0.0,0.0,0.0,8.826,4.413,5.073,3.975,6.086,7.206,7.05
1,0.0,6.174,12.35,0.0,0.0,0.0,0.0,6.174,0.0,6.174,6.174,0.0,0.0,6.174,0.0,0.0,24.698,0.0,0.0,6.174,5.353,4.268,5.298,4.194,6.791
1,18.862,0.0,9.432,0.0,0.0,0.0,9.432,4.715,4.715,9.432,9.432,0.0,0.0,0.0,0.0,4.715,9.432,0.0,0.0,0.0,3.876,3.495,4.425,4.121,3.916
1,12.389,4.13,0.0,4.13,0.0,4.13,0.0,8.259,8.259,0.0,0.0,0.0,0.0,0.0,37.166,4.13,0.0,0.0,0.0,0.0,3.865,2.35,3.494,3.539,4.163
1,3.168,6.337,0.0,6.337,0.0,0.0,3.168,0.0,3.168,3.168,3.168,9.505,0.0,0.0,12.673,9.505,0.0,3.168,0.0,0.0,5.592,7.588,6.72,7.879,8.855
1,0.0,0.0,0.0,4.258,0.0,0.0,4.258,4.258,0.0,0.0,4.258,8.515,4.258,0.0,4.258,8.515,4.258,8.515,0.0,8.515,7.654,7.804,6.658,7.459,6.565
1,24.215,0.0,0.0,0.0,0.0,14.529,4.843,0.0,0.0,0.0,0.0,14.529,0.0,0.0,0.0,0.0,4.843,0.0,0.0,4.843,7.39,6.126,3.936,9.953,4.794
1,0.0,3.158,3.158,9.474,0.0,6.316,3.158,3.158,0.0,3.158,9.474,9.474,0.0,9.474,3.158,0.0,0.0,0.0,0.0,0.0,8.223,8.261,8.17,7.601,4.585
1,0.0,0.0,0.0,5.943,0.0,0.0,0.0,5.943,0.0,0.0,5.943,5.943,0.0,0.0,11.886,0.0,0.0,5.943,0.0,23.771,6.828,6.043,6.351,7.907,7.501
1,6.465,3.233,0.0,0.0,0.0,3.233,16.163,3.233,3.233,3.233,9.698,6.465,0.0,3.233,0.0,0.0,3.233,0.0,0.0,3.233,5.337,6.934,7.755,7.086,8.234
1,3.399,10.198,0.0,0.0,0.0,0.0,0.0,13.596,16.996,3.399,0.0,0.0,0.0,0.0,3.399,3.399,3.399,0.0,3.399,0.0,7.039,10.417,7.168,5.02,9.172
1,7.128,3.564,3.564,0.0,0.0,0.0,10.692,0.0,0.0,3.564,7.128,3.564,0.0,0.0,7.128,7.128,3.564,3.564,0.0,10.692,6.522,5.032,5.881,5.293,5.991
1,0.0,5.551,0.0,5.551,0.0,22.204,0.0,0.0,0.0,0.0,5.551,11.102,0.0,5.551,11.102,0.0,0.0,0.0,5.551,5.551,1.986,2.541,3.909,5.879,7.97
1,0.0,3.671,11.011,0.0,0.0,3.671,0.0,0.0,3.671,0.0,11.011,7.341,0.0,3.671,3.671,7.341,0.0,0.0,7.341,3.671,6.888,6.194,7.641,7.31,5.9
1,6.622,0.0,0.0,3.311,6.622,3.311,3.311,6.622,0.0,0.0,3.311,6.622,0.0,0.0,3.311,3.311,6.622,6.622,6.622,0.0,7.539,6.139,6.576,6.854,6.669
1,3.765,7.53,11.295,0.0,0.0,0.0,0.0,11.295,0.0,0.0,0.0,0.0,0.0,0.0,7.53,15.061,11.295,0.0,3.765,0.0,6.535,6.614,4.003,5.347,5.963
1,0.0,0.0,4.552,4.552,0.0,0.0,0.0,4.552,4.552,9.103,9.103,9.103,0.0,4.552,9.103,4.552,0.0,0.0,4.552,0.0,7.626,7.176,3.209,6.882,6.831
1,5.554,0.0,5.554,0.0,0.0,0.0,0.0,0.0,0.0,0.0,0.0,11.108,0.0,0.0,5.554,44.431,5.554,0.0,0.0,5.554,4.053,3.661,3.399,3.037,2.541
1,4.298,0.0,0.0,8.595,0.0,0.0,0.0,0.0,0.0,4.298,4.298,8.595,0.0,4.298,4.298,8.595,0.0,0.0,8.595,8.595,6.811,9.318,6.972,5.95,6.485
1,8.864,4.432,4.432,13.296,0.0,4.432,0.0,0.0,4.432,4.432,8.864,4.432,0.0,0.0,0.0,8.864,0.0,0.0,0.0,0.0,7.402,6.229,5.245,7.884,6.761
1,0.0,0.0,3.425,3.425,0.0,3.425,6.851,6.851,3.425,0.0,10.277,3.425,0.0,0.0,6.851,10.277,3.425,0.0,3.425,10.277,4.982,5.419,5.313,4.39,4.533
1,10.568,0.0,0.0,0.0,0.0,10.568,10.568,5.284,0.0,5.284,0.0,0.0,0.0,0.0,5.284,5.284,21.137,0.0,0.0,5.284,4.847,3.682,4.026,4.054,4.13
1,0.0,11.395,0.0,3.798,0.0,0.0,0.0,7.597,0.0,7.597,0.0,3.798,0.0,0.0,11.395,7.597,3.798,0.0,3.798,0.0,9.295,8.153,6.773,8.435,6.57
1,6.569,0.0,6.569,6.569,0.0,6.569,6.569,13.138,0.0,6.569,0.0,0.0,0.0,0.0,0.0,13.138,0.0,0.0,0.0,6.569,4.69,5.326,6.619,7.352,3.754
1,0.0,0.0,0.0,11.074,0.0,5.537,0.0,5.537,0.0,5.537,0.0,11.074,5.537,0.0,16.612,0.0,16.612,0.0,0.0,0.0,6.674,3.791,4.55,4.643,2.822
1,0.0,2.872,2.872,0.0,0.0,0.0,8.615,25.847,2.872,0.0,0.0,0.0,0.0,0.0,8.615,0.0,2.872,5.744,2.872,0.0,7.556,7.733,8.447,5.08,8.002
1,0.0,5.15,5.15,0.0,0.0,5.15,0.0,20.599,0.0,5.15,0.0,0.0,0.0,10.3,0.0,5.15,0.0,0.0,0.0,5.15,10.101,9.418,6.594,8.531,3.56
1,0.0,0.0,0.0,4.504,0.0,0.0,0.0,0.0,4.504,9.008,4.504,13.513,0.0,0.0,4.504,9.008,0.0,4.504,4.504,4.504,5.71,8.488,8.453,8.686,5.606
1,4.561,4.561,4.561,13.681,4.561,4.561,0.0,4.561,0.0,0.0,0.0,9.12,0.0,4.561,4.561,4.561,4.561,0.0,0.0,0.0,6.885,7.617,4.881,6.522,5.691
1,3.211,3.211,0.0,6.421,0.0,0.0,0.0,3.211,3.211,0.0,9.632,6.421,3.211,0.0,3.211,0.0,3.211,0.0,6.421,12.842,8.707,5.741,7.166,6.148,8.026
1,4.752,19.008,0.0,0.0,0.0,4.752,0.0,19.008,0.0,0.0,0.0,0.0,0.0,0.0,0.0,4.752,0.0,0.0,0.0,0.0,9.942,6.657,11.069,7.791,12.268
1,11.186,0.0,5.594,5.594,0.0,0.0,0.0,27.966,0.0,5.594,0.0,0.0,0.0,0.0,5.594,0.0,22.374,0.0,0.0,0.0,3.624,2.509,2.806,3.49,3.671
1,6.454,0.0,3.227,3.227,6.454,3.227,0.0,9.681,0.0,6.454,3.227,3.227,0.0,0.0,3.227,9.681,3.227,0.0,6.454,3.227,4.824,5.488,6.581,6.493,5.616
1,8.273,8.273,2.758,2.758,0.0,8.273,2.758,2.758,2.758,0.0,5.516,2.758,0.0,0.0,0.0,2.758,5.516,0.0,8.273,0.0,8.328,7.266,9.187,5.239,6.552
1,0.0,7.814,0.0,0.0,0.0,7.814,0.0,7.814,3.907,7.814,0.0,7.814,0.0,3.907,3.907,0.0,3.907,0.0,3.907,0.0,9.338,8.222,9.957,7.703,6.177
1,3.664,10.993,0.0,0.0,0.0,0.0,0.0,3.664,0.0,3.664,3.664,3.664,0.0,0.0,0.0,3.664,18.321,0.0,3.664,7.329,9.518,7.453,5.774,8.375,6.587
1,6.197,3.098,6.197,3.098,0.0,6.197,0.0,3.098,3.098,3.098,3.098,3.098,0.0,0.0,0.0,6.197,9.295,0.0,6.197,6.197,7.403,6.926,5.781,6.176,5.549
1,2.903,2.903,5.806,8.709,0.0,5.806,0.0,5.806,0.0,8.709,2.903,2.903,0.0,2.903,0.0,0.0,0.0,0.0,8.709,2.903,6.389,8.809,9.873,6.535,7.429
1,9.147,9.147,4.573,0.0,0.0,9.147,0.0,9.147,0.0,4.573,9.147,0.0,4.573,0.0,0.0,0.0,0.0,0.0,0.0,0.0,10.535,8.713,8.006,7.797,5.494
1,18.12,9.06,4.53,0.0,0.0,9.06,18.12,4.53,0.0,0.0,0.0,4.53,0.0,0.0,0.0,0.0,0.0,0.0,0.0,0.0,5.535,8.898,8.198,3.54,5.878
1,14.057,0.0,0.0,5.623,2.812,5.623,8.435,5.623,2.812,2.812,5.623,0.0,0.0,2.812,2.812,0.0,2.812,2.812,2.812,0.0,5.894,7.807,6.775,6.11,5.938
1,0.0,8.255,4.128,4.128,0.0,4.128,4.128,4.128,0.0,8.255,8.255,4.128,0.0,0.0,0.0,8.255,0.0,0.0,0.0,4.128,7.891,10.714,4.247,5.436,9.798
1,0.0,5.494,0.0,0.0,5.494,0.0,5.494,0.0,5.494,10.988,16.482,0.0,0.0,5.494,0.0,5.494,0.0,5.494,0.0,0.0,5.966,6.415,6.672,7.905,7.117
1,0.0,0.0,3.485,10.456,0.0,3.485,0.0,0.0,0.0,10.456,6.97,3.485,0.0,6.97,3.485,3.485,10.456,0.0,3.485,3.485,6.2,6.235,4.952,7.033,5.876
1,0.0,0.0,3.472,6.944,0.0,3.472,0.0,17.36,0.0,3.472,13.888,6.944,0.0,0.0,0.0,3.472,0.0,0.0,3.472,3.472,7.339,8.846,5.934,5.225,6.689
1,10.882,0.0,0.0,10.882,0.0,5.441,10.882,5.441,0.0,5.441,0.0,0.0,0.0,0.0,5.441,10.882,5.441,0.0,0.0,5.441,3.858,5.957,4.692,4.281,5.035
1,8.472,8.472,4.236,4.236,0.0,12.708,4.236,0.0,0.0,0.0,8.472,4.236,4.236,4.236,0.0,0.0,0.0,0.0,0.0,0.0,9.569,6.878,5.792,9.124,5.096
1,3.91,0.0,0.0,0.0,0.0,7.82,7.82,3.91,0.0,0.0,15.641,3.91,0.0,0.0,15.641,11.731,3.91,0.0,0.0,3.91,3.84,5.079,5.396,4.458,3.023
1,2.65,15.898,0.0,0.0,0.0,2.65,5.3,5.3,0.0,2.65,0.0,5.3,0.0,0.0,7.949,5.3,5.3,0.0,0.0,2.65,8.218,9.056,7.411,6.07,8.301
1,0.0,0.0,4.985,4.985,0.0,0.0,9.969,4.985,0.0,0.0,0.0,14.954,0.0,4.985,9.969,14.954,4.985,0.0,0.0,0.0,4.46,5.402,4.968,5.686,4.714
1,11.96,11.96,7.973,3.987,0.0,0.0,0.0,3.987,0.0,0.0,3.987,0.0,0.0,0.0,3.987,3.987,0.0,0.0,0.0,7.973,7.825,7.224,8.602,6.512,10.035
1,6.129,0.0,0.0,0.0,0.0,12.259,0.0,12.259,0.0,0.0,0.0,6.129,0.0,0.0,12.259,12.259,0.0,0.0,0.0,12.259,6.737,3.887,5.884,4.549,5.391
1,9.536,3.179,9.536,6.357,3.179,0.0,0.0,3.179,0.0,0.0,3.179,0.0,0.0,0.0,6.357,6.357,19.072,3.179,3.179,0.0,5.855,4.791,4.657,5.126,3.284
1,0.0,0.0,0.0,0.0,0.0,9.881,3.294,3.294,0.0,6.587,6.587,9.881,0.0,9.881,3.294,3.294,6.587,0.0,0.0,3.294,6.439,7.552,3.738,8.303,8.096
1,3.05,6.099,0.0,9.149,3.05,0.0,3.05,12.198,3.05,0.0,6.099,0.0,0.0,0.0,3.05,0.0,0.0,0.0,9.149,3.05,9.679,7.206,5.718,9.072,7.334
1,8.197,0.0,0.0,0.0,0.0,8.197,4.098,4.098,0.0,4.098,8.197,4.098,4.098,0.0,0.0,8.197,8.197,4.098,0.0,4.098,5.978,6.221,5.629,6.068,6.434
1,5.791,11.583,0.0,0.0,0.0,0.0,0.0,8.687,0.0,2.896,0.0,5.791,0.0,0.0,2.896,8.687,2.896,0.0,2.896,5.791,9.663,9.599,10.083,6.292,6.449
1,2.535,7.603,2.535,5.069,2.535,7.603,0.0,2.535,0.0,0.0,7.603,7.603,0.0,0.0,5.069,0.0,2.535,2.535,2.535,2.535,8.108,9.498,6.192,7.056,8.321
1,0.0,6.365,0.0,6.365,0.0,0.0,6.365,12.729,0.0,0.0,0.0,12.729,6.365,0.0,0.0,6.365,12.729,0.0,0.0,0.0,5.478,6.444,6.791,6.795,4.481
1,0.0,0.0,0.0,5.133,5.133,0.0,0.0,10.267,5.133,10.267,10.267,0.0,0.0,0.0,0.0,10.267,20.533,0.0,0.0,5.133,3.293,2.854,3.174,4.673,3.873
1,4.442,4.442,0.0,8.884,8.884,0.0,4.442,0.0,0.0,0.0,0.0,4.442,0.0,0.0,0.0,4.442,17.768,0.0,8.884,4.442,8.145,5.483,3.387,7.008,4.907
1,0.0,11.599,0.0,0.0,0.0,7.733,0.0,7.733,7.733,0.0,0.0,3.866,0.0,0.0,11.599,0.0,0.0,0.0,3.866,7.733,7.216,8.178,9.74,4.825,8.178
1,0.0,0.0,7.537,3.769,3.769,0.0,0.0,3.769,0.0,11.306,7.537,3.769,3.769,7.537,0.0,15.075,0.0,0.0,0.0,7.537,4.364,4.858,4.289,4.847,6.267
1,6.583,0.0,0.0,6.583,0.0,0.0,6.583,0.0,0.0,6.583,13.167,6.583,6.583,0.0,13.167,6.583,6.583,0.0,0.0,0.0,2.919,3.164,3.689,5.096,6.131
1,0.0,0.0,8.514,0.0,0.0,4.257,8.514,4.257,0.0,4.257,0.0,25.543,0.0,4.257,0.0,0.0,0.0,4.257,0.0,0.0,6.491,7.915,6.673,8.161,6.903
1,3.117,3.117,0.0,6.233,6.233,0.0,6.233,3.117,0.0,3.117,3.117,0.0,3.117,12.466,0.0,3.117,0.0,3.117,0.0,6.233,7.302,6.38,8.031,7.386,8.57
1,0.0,5.138,5.138,0.0,0.0,0.0,0.0,15.414,0.0,0.0,0.0,15.414,0.0,0.0,10.276,0.0,5.138,5.138,0.0,0.0,6.088,6.477,7.537,8.212,10.031
1,4.633,9.266,0.0,4.633,0.0,18.532,13.899,0.0,0.0,0.0,0.0,0.0,0.0,0.0,9.266,9.266,0.0,0.0,0.0,4.633,5.111,6.605,5.356,4.985,3.814
1,0.0,0.0,11.775,0.0,0.0,5.887,0.0,5.887,0.0,5.887,5.887,5.887,5.887,0.0,5.887,11.775,0.0,0.0,5.887,0.0,5.246,5.288,7.464,6.772,4.582
1,0.0,4.748,4.748,4.748,0.0,14.243,0.0,0.0,0.0,0.0,14.243,9.496,0.0,4.748,0.0,0.0,0.0,0.0,4.748,0.0,4.913,8.598,7.919,7.561,9.289
1,0.0,2.954,0.0,14.771,0.0,2.954,2.954,0.0,0.0,2.954,5.908,20.68,0.0,0.0,2.954,5.908,2.954,0.0,0.0,5.908,5.846,3.871,5.396,7.179,6.807
1,10.593,3.531,3.531,0.0,0.0,0.0,3.531,17.655,0.0,0.0,10.593,3.531,0.0,0.0,3.531,3.531,10.593,0.0,0.0,3.531,4.505,5.721,5.098,5.947,4.582
1,0.0,0.0,0.0,0.0,0.0,0.0,6.141,30.706,0.0,0.0,0.0,0.0,0.0,0.0,18.424,12.283,6.141,0.0,0.0,12.283,2.433,2.79,3.254,3.177,2.369
1,0.0,5.303,0.0,5.303,0.0,0.0,0.0,15.908,0.0,5.303,0.0,0.0,0.0,5.303,0.0,26.512,10.605,0.0,0.0,0.0,5.256,5.545,5.608,4.914,4.443
1,3.602,0.0,14.408,3.602,0.0,3.602,0.0,3.602,0.0,0.0,7.204,7.204,3.602,0.0,0.0,10.806,3.602,0.0,7.204,3.602,6.102,5.659,7.193,4.848,4.16
1,8.156,5.438,8.156,2.719,0.0,0.0,5.438,2.719,2.719,2.719,13.594,8.156,0.0,0.0,0.0,0.0,0.0,0.0,2.719,0.0,6.272,8.657,5.709,7.36,9.47
1,0.0,0.0,8.725,13.087,0.0,0.0,0.0,8.725,4.362,8.725,4.362,4.362,0.0,0.0,4.362,8.725,4.362,0.0,0.0,4.362,6.444,4.683,3.993,6.726,3.993
1,7.235,3.617,0.0,3.617,7.235,3.617,0.0,3.617,3.617,7.235,0.0,0.0,7.235,0.0,7.235,0.0,3.617,0.0,3.617,10.852,4.927,6.102,5.017,5.759,5.849
1,0.0,4.043,4.043,4.043,0.0,16.172,0.0,4.043,0.0,4.043,8.086,0.0,0.0,0.0,0.0,0.0,0.0,4.043,4.043,8.086,8.226,6.634,6.419,9.721,8.357
1,15.601,0.0,0.0,0.0,0.0,0.0,7.8,0.0,0.0,0.0,23.401,0.0,0.0,0.0,23.401,0.0,7.8,0.0,0.0,7.8,2.415,2.591,2.806,3.145,3.239
1,0.0,0.0,11.543,3.848,0.0,3.848,0.0,7.695,0.0,7.695,3.848,11.543,0.0,3.848,0.0,11.543,3.848,0.0,0.0,0.0,7.625,6.59,5.897,7.224,3.404
1,4.799,0.0,4.799,9.599,4.799,4.799,0.0,4.799,0.0,0.0,4.799,14.398,0.0,0.0,0.0,0.0,4.799,0.0,0.0,9.599,3.957,6.957,7.24,7.408,7.25
1,0.0,8.449,0.0,0.0,0.0,8.449,4.225,0.0,4.225,0.0,12.673,4.225,0.0,4.225,4.225,8.449,0.0,0.0,0.0,4.225,7.186,6.289,6.641,10.18,6.337
1,4.243,4.243,0.0,4.243,0.0,8.486,0.0,0.0,0.0,0.0,8.486,0.0,0.0,8.486,4.243,4.243,8.486,0.0,4.243,4.243,8.471,7.822,4.239,7.984,7.841
1,4.361,4.361,4.361,0.0,0.0,4.361,0.0,4.361,4.361,0.0,4.361,0.0,0.0,4.361,4.361,4.361,0.0,4.361,4.361,13.083,6.584,7.199,7.686,7.748,5.367
1,0.0,0.0,7.743,11.614,11.614,7.743,3.871,7.743,3.871,0.0,0.0,3.871,0.0,0.0,3.871,11.614,0.0,0.0,3.871,0.0,4.677,4.808,4.739,3.844,4.503
1,3.633,7.267,0.0,7.267,0.0,7.267,3.633,0.0,0.0,7.267,10.9,3.633,0.0,0.0,0.0,3.633,0.0,0.0,0.0,7.267,9.923,7.054,7.137,7.329,6.788
1,9.099,4.55,0.0,0.0,0.0,0.0,0.0,9.099,4.55,0.0,0.0,4.55,0.0,4.55,9.099,9.099,4.55,0.0,4.55,0.0,8.465,5.048,6.987,8.911,6.895
1,0.0,6.024,0.0,0.0,0.0,0.0,0.0,12.048,6.024,6.024,6.024,0.0,0.0,0.0,12.048,0.0,12.048,0.0,6.024,0.0,7.607,7.031,8.561,5.941,4.595
1,0.0,0.0,3.295,6.591,0.0,6.591,3.295,6.591,3.295,0.0,3.295,6.591,0.0,6.591,6.591,6.591,3.295,0.0,3.295,3.295,5.938,6.322,7.647,5.609,5.284
1,0.0,0.0,0.0,4.252,0.0,12.754,4.252,4.252,0.0,4.252,0.0,0.0,0.0,0.0,4.252,0.0,12.754,12.754,4.252,0.0,7.091,7.821,5.682,7.413,8.223
1,4.912,0.0,0.0,0.0,0.0,4.912,0.0,0.0,0.0,0.0,4.912,14.737,4.912,0.0,4.912,4.912,9.825,0.0,4.912,9.825,6.437,6.313,5.457,6.317,6.702
1,4.08,8.16,0.0,0.0,0.0,8.16,4.08,4.08,0.0,0.0,4.08,8.16,8.16,4.08,0.0,0.0,4.08,0.0,0.0,4.08,6.209,8.488,8.088,9.853,6.163
1,0.0,8.492,4.246,4.246,0.0,12.738,0.0,0.0,0.0,0.0,8.492,8.492,8.492,0.0,0.0,4.246,0.0,0.0,0.0,4.246,6.551,7.168,7.051,7.442,8.098
1,6.01,9.015,3.005,9.015,0.0,3.005,0.0,0.0,0.0,12.02,3.005,6.01,0.0,0.0,3.005,0.0,6.01,0.0,0.0,0.0,7.5,11.094,7.11,5.634,8.561
1,0.0,0.0,6.456,6.456,0.0,6.456,0.0,6.456,6.456,0.0,6.456,0.0,0.0,12.911,6.456,6.456,0.0,0.0,0.0,6.456,7.154,4.268,5.475,7.534,4.559
1,0.0,5.672,5.672,5.672,0.0,5.672,0.0,0.0,5.672,0.0,5.672,0.0,0.0,5.672,5.672,0.0,0.0,0.0,5.672,11.343,7.889,6.473,7.362,11.42,4.47
1,0.0,3.147,6.294,3.147,0.0,3.147,6.294,0.0,3.147,0.0,3.147,3.147,0.0,6.294,3.147,9.44,3.147,3.147,3.147,6.294,7.774,6.413,6.525,5.333,7.874
1,9.547,4.773,4.773,0.0,4.773,4.773,4.773,0.0,0.0,4.773,4.773,9.547,0.0,0.0,0.0,0.0,0.0,0.0,0.0,9.547,7.347,8.396,7.853,8.142,6.206
1,5.11,5.11,10.221,0.0,0.0,5.11,0.0,5.11,5.11,0.0,5.11,0.0,0.0,5.11,0.0,5.11,10.221,0.0,0.0,5.11,6.025,7.005,6.072,7.596,6.869
1,6.897,0.0,3.449,0.0,0.0,6.897,3.449,3.449,0.0,3.449,0.0,3.449,0.0,6.897,0.0,6.897,17.243,0.0,10.346,0.0,6.474,5.964,5.953,4.961,4.229
1,6.299,6.299,0.0,3.149,0.0,0.0,6.299,9.448,3.149,3.149,3.149,0.0,0.0,3.149,3.149,0.0,6.299,3.149,0.0,6.299,7.858,5.747,8.28,7.558,7.571
1,0.0,12.116,8.077,0.0,0.0,0.0,0.0,0.0,0.0,0.0,0.0,0.0,0.0,12.116,8.077,12.116,4.039,0.0,4.039,0.0,5.837,8.899,9.002,8.314,7.369
1,5.496,0.0,0.0,5.496,10.993,5.496,0.0,10.993,0.0,0.0,5.496,5.496,0.0,0.0,5.496,5.496,10.993,0.0,0.0,5.496,4.759,5.794,2.728,4.663,5.109
1,5.018,0.0,5.018,0.0,0.0,0.0,10.035,0.0,5.018,0.0,0.0,20.072,0.0,5.018,0.0,5.018,15.053,0.0,0.0,5.018,4.704,5.212,4.7,5.51,4.606
1,6.759,0.0,6.759,6.759,0.0,13.518,3.38,0.0,3.38,3.38,10.139,6.759,0.0,0.0,3.38,0.0,3.38,0.0,0.0,3.38,6.934,4.872,5.741,6.71,4.773
1,4.39,8.78,8.78,4.39,0.0,0.0,4.39,0.0,0.0,0.0,4.39,0.0,0.0,0.0,4.39,0.0,13.17,0.0,0.0,13.17,6.414,3.599,7.638,8.086,8.415
1,0.0,0.0,10.284,0.0,3.428,6.856,0.0,6.856,0.0,6.856,3.428,3.428,3.428,0.0,0.0,6.856,0.0,6.856,3.428,3.428,7.757,6.774,7.617,6.745,5.973
1,5.333,0.0,10.667,10.667,0.0,0.0,5.333,0.0,0.0,5.333,10.667,5.333,0.0,5.333,0.0,5.333,0.0,0.0,0.0,5.333,6.559,4.798,6.327,7.908,5.072
1,3.337,3.337,0.0,6.674,0.0,6.674,3.337,0.0,0.0,0.0,3.337,6.674,0.0,0.0,6.674,3.337,3.337,3.337,6.674,6.674,7.993,9.099,5.897,7.279,6.325
1,11.017,5.508,0.0,0.0,0.0,11.017,0.0,5.508,0.0,5.508,11.017,0.0,0.0,0.0,0.0,0.0,5.508,0.0,5.508,5.508,7.526,9.095,7.271,6.554,3.454
1,0.0,3.664,7.327,0.0,0.0,0.0,0.0,7.327,0.0,3.664,7.327,3.664,3.664,0.0,3.664,10.991,7.327,0.0,7.327,3.664,6.206,6.258,6.108,6.923,4.897
1,5.451,0.0,16.353,5.451,0.0,0.0,0.0,10.902,5.451,10.902,0.0,5.451,0.0,5.451,0.0,5.451,0.0,0.0,0.0,0.0,5.913,8.11,7.175,3.926,4.014
1,0.0,13.42,4.474,0.0,0.0,0.0,8.947,0.0,4.474,0.0,4.474,4.474,0.0,4.474,8.947,8.947,0.0,0.0,0.0,4.474,5.284,8.069,6.307,5.613,7.626
1,16.964,4.241,4.241,0.0,4.241,4.241,0.0,4.241,0.0,0.0,8.482,4.241,4.241,0.0,0.0,8.482,4.241,0.0,0.0,4.241,5.548,5.389,5.999,5.476,5.49
1,18.748,0.0,0.0,7.499,0.0,3.75,7.499,3.75,3.75,3.75,3.75,0.0,0.0,0.0,0.0,7.499,3.75,0.0,0.0,11.249,4.627,5.744,5.628,5.973,3.037
1,0.0,7.633,0.0,0.0,3.817,7.633,3.817,7.633,3.817,0.0,7.633,3.817,0.0,0.0,0.0,7.633,0.0,0.0,0.0,7.633,7.633,8.418,6.522,6.537,9.823
1,0.0,4.92,0.0,0.0,0.0,9.841,0.0,0.0,9.841,4.92,0.0,4.92,4.92,4.92,4.92,4.92,4.92,0.0,9.841,0.0,6.733,8.17,5.835,4.147,6.231
1,5.86,5.86,0.0,2.93,0.0,5.86,0.0,2.93,0.0,2.93,2.93,11.721,0.0,5.86,0.0,0.0,0.0,2.93,5.86,0.0,8.075,10.169,9.186,7.354,9.542
1,4.804,12.01,2.402,4.804,0.0,9.608,0.0,2.402,0.0,0.0,0.0,0.0,4.804,4.804,4.804,2.402,0.0,2.402,0.0,2.402,10.27,7.036,8.814,6.609,9.622
1,0.0,23.15,4.63,0.0,0.0,4.63,0.0,0.0,0.0,4.63,0.0,0.0,4.63,0.0,0.0,4.63,4.63,0.0,4.63,0.0,11.987,5.32,10.173,5.945,11.015
1,0.0,3.643,14.573,3.643,0.0,10.929,3.643,0.0,0.0,10.929,0.0,0.0,0.0,3.643,3.643,3.643,3.643,0.0,7.286,0.0,7.282,5.43,6.815,5.693,5.562
1,5.854,0.0,5.854,5.854,0.0,5.854,11.708,0.0,0.0,5.854,5.854,0.0,0.0,5.854,5.854,0.0,0.0,0.0,5.854,5.854,7.351,4.721,7.011,5.539,5.132
1,5.425,13.562,2.713,0.0,16.275,0.0,0.0,2.713,2.713,2.713,2.713,5.425,5.425,0.0,2.713,0.0,0.0,0.0,2.713,0.0,4.795,6.184,6.233,8.167,9.521
1,0.0,6.043,3.022,3.022,0.0,0.0,0.0,18.129,0.0,3.022,3.022,0.0,0.0,0.0,3.022,3.022,9.065,0.0,3.022,9.065,6.98,6.891,5.958,8.763,7.957
1,5.272,5.272,5.272,0.0,0.0,0.0,0.0,5.272,5.272,10.544,0.0,0.0,0.0,0.0,5.272,0.0,0.0,5.272,5.272,10.544,9.356,7.93,7.316,7.13,5.007
1,13.768,0.0,4.589,13.768,0.0,0.0,0.0,0.0,4.589,9.179,4.589,4.589,0.0,0.0,0.0,0.0,0.0,0.0,4.589,4.589,7.202,8.821,4.366,6.168,9.194
1,4.727,0.0,4.727,4.727,0.0,14.181,4.727,0.0,0.0,0.0,4.727,4.727,0.0,4.727,4.727,4.727,0.0,0.0,4.727,9.454,6.133,6.388,5.268,6.378,4.928
1,0.0,8.405,2.802,8.405,2.802,5.603,8.405,2.802,2.802,2.802,5.603,2.802,2.802,0.0,5.603,2.802,0.0,0.0,2.802,0.0,7.366,7.891,5.81,5.968,5.726
1,3.729,0.0,0.0,7.459,3.729,0.0,0.0,7.459,3.729,3.729,11.188,3.729,3.729,3.729,11.188,3.729,7.459,0.0,0.0,0.0,4.774,5.117,4.994,5.997,4.531
1,7.448,0.0,3.724,7.448,7.448,7.448,11.172,3.724,3.724,0.0,11.172,0.0,0.0,0.0,0.0,7.448,0.0,0.0,0.0,3.724,5.649,6.1,4.551,4.979,4.245
1,8.416,0.0,0.0,4.208,4.208,4.208,0.0,4.208,4.208,0.0,0.0,12.624,0.0,12.624,0.0,4.208,4.208,0.0,0.0,0.0,7.817,6.312,9.405,7.161,6.186
1,3.313,3.313,0.0,3.313,6.626,3.313,0.0,6.626,3.313,0.0,3.313,6.626,0.0,3.313,6.626,3.313,6.626,3.313,3.313,0.0,6.357,8.106,6.096,6.993,6.192
1,9.019,0.0,0.0,0.0,13.528,0.0,0.0,9.019,0.0,0.0,0.0,9.019,0.0,0.0,4.51,9.019,0.0,4.51,9.019,0.0,6.098,7.035,3.768,6.811,8.648
1,13.505,0.0,6.753,6.753,0.0,3.376,0.0,3.376,0.0,0.0,3.376,6.753,0.0,0.0,0.0,10.129,13.505,3.376,0.0,0.0,4.736,6.353,6.885,6.732,4.392
1,0.0,0.0,19.04,0.0,0.0,9.52,0.0,0.0,0.0,0.0,9.52,4.76,4.76,4.76,0.0,4.76,0.0,0.0,9.52,4.76,6.455,4.081,6.248,5.923,5.894
1,3.127,9.381,6.254,3.127,0.0,9.381,3.127,9.381,0.0,3.127,3.127,0.0,0.0,0.0,3.127,0.0,6.254,0.0,3.127,0.0,5.522,5.688,9.497,7.78,8.972
1,12.445,6.223,3.111,3.111,0.0,6.223,0.0,3.111,3.111,0.0,3.111,6.223,0.0,0.0,3.111,3.111,0.0,0.0,3.111,6.223,5.183,7.837,8.279,8.901,7.573
1,0.0,0.0,0.0,0.0,0.0,10.205,5.103,0.0,10.205,5.103,5.103,10.205,0.0,5.103,5.103,10.205,0.0,0.0,0.0,5.103,5.79,7.294,5.861,4.086,5.533
1,4.978,0.0,0.0,0.0,0.0,4.978,9.957,4.978,4.978,0.0,4.978,0.0,4.978,0.0,34.848,0.0,0.0,0.0,4.978,0.0,4.429,4.803,4.449,3.425,3.242
1,2.571,10.284,0.0,5.142,5.142,5.142,7.713,7.713,0.0,0.0,5.142,0.0,0.0,0.0,5.142,2.571,0.0,0.0,2.571,2.571,8.213,6.457,9.284,5.081,9.259
1,3.404,3.404,3.404,0.0,0.0,3.404,10.213,3.404,3.404,10.213,0.0,0.0,0.0,6.809,6.809,0.0,6.809,0.0,3.404,3.404,8.766,4.793,7.455,4.409,6.492
1,3.626,0.0,0.0,7.253,3.626,7.253,0.0,0.0,0.0,0.0,0.0,14.506,3.626,7.253,3.626,3.626,10.879,0.0,0.0,3.626,7.08,5.437,9.061,3.404,6.115
1,0.0,4.437,0.0,4.437,0.0,0.0,0.0,13.311,4.437,0.0,8.874,0.0,0.0,4.437,13.311,4.437,8.874,0.0,0.0,0.0,4.106,6.143,6.865,8.725,7.604
1,4.904,0.0,4.904,4.904,0.0,4.904,14.713,0.0,0.0,9.808,4.904,9.808,0.0,0.0,0.0,4.904,0.0,0.0,0.0,4.904,6.292,6.698,6.677,5.596,6.08
1,0.0,0.0,4.494,8.988,0.0,13.482,4.494,4.494,0.0,4.494,0.0,4.494,0.0,4.494,4.494,0.0,4.494,0.0,8.988,0.0,6.781,9.036,5.427,5.966,5.379
1,3.605,3.605,7.21,3.605,0.0,0.0,0.0,3.605,0.0,3.605,7.21,7.21,0.0,0.0,0.0,0.0,21.631,0.0,3.605,3.605,5.107,6.363,7.672,6.637,5.723
1,3.6,0.0,0.0,0.0,0.0,17.999,0.0,3.6,0.0,3.6,7.199,10.799,0.0,0.0,0.0,0.0,3.6,3.6,0.0,10.799,8.501,8.692,7.069,5.222,5.721
1,14.915,0.0,0.0,4.971,0.0,4.971,0.0,0.0,0.0,4.971,0.0,0.0,0.0,0.0,19.886,14.915,19.886,0.0,0.0,0.0,3.148,3.778,3.093,2.852,2.612
