label,PAAC1,PAAC2,PAAC3,PAAC4,PAAC5,PAAC6,PAAC7,PAAC8,PAAC9,PAAC10,PAAC11,PAAC12,PAAC13,PAAC14,PAAC15,PAAC16,PAAC17,PAAC18,PAAC19,PAAC20,PAAC21,PAAC22,PAAC23,PAAC24,PAAC25
1,21.762,0.0,7.254,0.0,3.627,18.135,3.627,0.0,0.0,0.0,3.627,0.0,0.0,0.0,0.0,0.0,7.254,3.627,0.0,3.627,4.646,5.023,5.872,5.618,6.3
1,10.389,3.463,0.0,6.926,3.463,3.463,0.0,3.463,6.926,0.0,6.926,0.0,3.463,0.0,3.463,3.463,3.463,0.0,3.463,6.926,6.649,5.752,7.327,5.205,5.811
1,7.864,0.0,3.932,3.932,3.932,3.932,3.932,0.0,3.932,0.0,3.932,0.0,0.0,0.0,11.797,0.0,7.864,3.932,0.0,19.661,4.471,3.83,3.932,5.364,3.759
1,4.005,0.0,12.016,4.005,4.005,8.011,4.005,0.0,0.0,0.0,4.005,0.0,0.0,0.0,12.016,0.0,8.011,0.0,0.0,20.027,3.337,3.493,4.098,4.678,4.286
1,13.957,0.0,0.0,3.489,0.0,6.978,0.0,10.468,0.0,3.489,3.489,3.489,0.0,3.489,6.978,0.0,6.978,0.0,3.489,3.489,7.017,5.946,7.289,3.821,6.144
1,15.191,9.115,6.076,3.038,0.0,12.153,0.0,3.038,0.0,3.038,0.0,0.0,0.0,0.0,0.0,0.0,3.038,0.0,0.0,6.076,9.081,6.42,10.218,5.921,7.596
1,13.543,3.386,3.386,3.386,0.0,6.772,3.386,6.772,0.0,6.772,0.0,0.0,0.0,0.0,0.0,0.0,6.772,0.0,0.0,13.543,6.227,6.589,4.882,5.593,8.993
1,11.531,0.0,3.844,3.844,0.0,3.844,0.0,7.687,0.0,7.687,3.844,3.844,0.0,3.844,3.844,3.844,15.375,0.0,0.0,3.844,4.455,5.027,3.552,4.582,5.512
1,6.831,3.415,0.0,0.0,3.415,0.0,3.415,13.661,3.415,0.0,0.0,3.415,0.0,3.415,3.415,10.246,3.415,3.415,3.415,3.415,7.49,5.102,4.631,7.292,7.179
1,3.01,9.03,3.01,0.0,0.0,0.0,6.02,12.041,0.0,9.03,0.0,3.01,3.01,3.01,3.01,0.0,3.01,0.0,0.0,3.01,8.964,8.308,7.592,7.279,7.655
1,3.284,6.569,0.0,0.0,0.0,0.0,9.853,19.706,0.0,3.284,6.569,0.0,0.0,0.0,13.138,0.0,0.0,0.0,0.0,3.284,5.107,7.498,5.662,8.313,7.731
1,6.432,6.432,9.648,3.216,3.216,0.0,6.432,0.0,3.216,6.432,3.216,6.432,0.0,0.0,0.0,3.216,3.216,3.216,0.0,0.0,8.493,7.3,5.682,7.747,6.461
1,6.65,3.325,3.325,0.0,0.0,3.325,6.65,0.0,3.325,3.325,3.325,3.325,3.325,0.0,3.325,3.325,3.325,3.325,0.0,13.301,7.295,7.801,5.37,6.717,6.314
1,11.321,0.0,3.774,0.0,3.774,3.774,3.774,0.0,3.774,0.0,0.0,11.321,0.0,0.0,7.547,11.321,7.547,0.0,3.774,3.774,4.015,4.34,4.989,5.925,5.26
1,6.561,3.281,0.0,3.281,0.0,6.561,3.281,3.281,0.0,3.281,3.281,3.281,0.0,3.281,0.0,3.281,9.842,0.0,6.561,6.561,6.046,7.466,7.795,5.147,7.936
1,26.834,3.354,0.0,0.0,0.0,10.063,3.354,6.708,0.0,0.0,6.708,0.0,0.0,0.0,0.0,6.708,0.0,0.0,3.354,0.0,5.387,7.403,7.054,6.927,6.145
1,6.625,3.312,0.0,0.0,3.312,3.312,6.625,6.625,0.0,6.625,0.0,3.312,6.625,0.0,6.625,3.312,0.0,3.312,3.312,3.312,7.887,6.489,6.194,6.241,6.94
1,11.113,0.0,7.409,0.0,7.409,0.0,0.0,3.704,3.704,11.113,3.704,7.409,0.0,3.704,7.409,0.0,3.704,0.0,3.704,0.0,4.96,3.997,5.016,5.271,6.668
1,22.351,0.0,3.725,0.0,0.0,0.0,7.45,14.901,0.0,0.0,3.725,3.725,0.0,7.45,3.725,0.0,0.0,0.0,0.0,7.45,4.329,4.794,5.342,5.964,5.066
1,4.093,0.0,4.093,4.093,0.0,4.093,0.0,0.0,8.187,4.093,20.467,0.0,0.0,0.0,24.56,4.093,4.093,0.0,0.0,0.0,3.897,4.081,3.307,3.041,3.807
1,21.959,3.66,0.0,0.0,0.0,7.32,7.32,3.66,0.0,0.0,3.66,0.0,0.0,0.0,21.959,3.66,0.0,0.0,0.0,0.0,4.414,5.501,6.145,6.137,4.608
1,3.542,0.0,0.0,0.0,0.0,17.709,7.083,3.542,0.0,0.0,7.083,0.0,0.0,3.542,10.625,0.0,3.542,3.542,0.0,10.625,4.916,4.516,6.173,6.014,7.547
1,9.426,9.426,0.0,6.284,0.0,3.142,0.0,6.284,0.0,3.142,9.426,0.0,0.0,3.142,6.284,3.142,3.142,0.0,0.0,0.0,6.922,8.606,8.543,6.472,6.617
1,7.288,7.288,0.0,3.644,0.0,0.0,0.0,7.288,7.288,0.0,0.0,3.644,0.0,0.0,18.22,0.0,18.22,0.0,0.0,0.0,7.277,3.965,7.073,3.334,5.47
1,3.565,3.565,3.565,7.131,0.0,7.131,0.0,0.0,3.565,0.0,21.392,3.565,3.565,3.565,0.0,3.565,0.0,0.0,3.565,3.565,6.432,4.389,6.646,4.999,6.229
1,19.242,0.0,3.848,0.0,3.848,7.697,0.0,3.848,0.0,7.697,7.697,0.0,3.848,3.848,0.0,3.848,7.697,0.0,0.0,3.848,3.698,5.63,5.072,4.222,4.41
1,3.709,3.709,7.418,0.0,0.0,3.709,7.418,3.709,0.0,0.0,7.418,0.0,0.0,7.418,7.418,11.126,3.709,0.0,3.709,3.709,4.959,5.396,5.723,4.792,4.955
1,13.386,10.04,0.0,3.347,0.0,0.0,3.347,16.733,0.0,3.347,3.347,0.0,0.0,0.0,6.693,0.0,3.347,0.0,0.0,3.347,6.449,7.828,7.67,6.606,4.515
1,7.928,0.0,7.928,3.964,0.0,3.964,3.964,11.892,0.0,0.0,11.892,0.0,3.964,0.0,3.964,3.964,11.892,0.0,0.0,3.964,3.853,4.475,4.225,3.904,4.265
1,6.764,6.764,6.764,0.0,3.382,6.764,6.764,3.382,3.382,6.764,3.382,0.0,0.0,0.0,3.382,6.764,3.382,0.0,0.0,0.0,4.288,6.49,7.251,6.338,7.992
1,6.137,6.137,0.0,3.068,0.0,3.068,9.205,3.068,0.0,6.137,15.342,3.068,0.0,0.0,0.0,0.0,0.0,0.0,3.068,3.068,6.907,8.279,8.846,8.076,6.523
1,17.245,0.0,6.898,3.449,0.0,0.0,0.0,3.449,0.0,0.0,3.449,3.449,3.449,0.0,0.0,3.449,0.0,3.449,6.898,13.796,7.322,5.829,6.681,6.143,5.046
1,6.533,0.0,0.0,6.533,0.0,6.533,3.266,13.066,0.0,0.0,0.0,13.066,3.266,3.266,0.0,0.0,0.0,0.0,0.0,9.799,6.438,7.712,6.056,7.644,6.82
1,10.747,0.0,10.747,0.0,0.0,7.164,3.582,0.0,0.0,3.582,3.582,3.582,0.0,7.164,0.0,14.329,0.0,0.0,3.582,3.582,5.928,6.09,6.33,6.007,4.001
1,10.993,0.0,7.329,10.993,0.0,0.0,3.664,3.664,3.664,7.329,3.664,3.664,3.664,0.0,0.0,0.0,7.329,0.0,0.0,7.329,5.317,5.87,5.632,4.819,5.075
1,14.642,0.0,7.321,3.66,0.0,0.0,7.321,7.321,0.0,3.66,0.0,3.66,0.0,3.66,3.66,0.0,3.66,0.0,3.66,10.981,7.368,4.645,5.762,3.638,5.377
1,9.995,3.332,3.332,0.0,6.663,0.0,6.663,3.332,3.332,0.0,3.332,0.0,0.0,3.332,3.332,0.0,6.663,6.663,0.0,6.663,7.35,6.37,7.243,5.241,7.163
1,8.996,2.999,0.0,5.997,0.0,2.999,0.0,8.996,0.0,8.996,0.0,2.999,5.997,2.999,2.999,0.0,2.999,2.999,0.0,0.0,8.537,7.731,7.419,9.026,7.314
1,3.46,3.46,3.46,10.38,3.46,0.0,3.46,10.38,3.46,0.0,0.0,10.38,3.46,3.46,6.92,3.46,0.0,0.0,0.0,0.0,7.449,6.248,5.425,6.408,5.273
1,6.474,0.0,6.474,3.237,3.237,3.237,0.0,3.237,0.0,9.711,3.237,9.711,0.0,0.0,3.237,3.237,0.0,3.237,3.237,3.237,5.687,7.73,9.445,6.649,5.752
1,3.395,3.395,6.791,6.791,6.791,0.0,0.0,6.791,3.395,0.0,6.791,3.395,0.0,3.395,3.395,6.791,0.0,0.0,3.395,3.395,6.376,5.242,7.483,6.105,6.886
1,3.298,3.298,3.298,3.298,3.298,6.597,3.298,6.597,0.0,3.298,3.298,3.298,0.0,0.0,9.895,0.0,0.0,3.298,6.597,3.298,8.539,6.521,7.368,5.92,5.686
1,3.501,0.0,0.0,0.0,7.003,0.0,3.501,10.504,0.0,7.003,10.504,3.501,0.0,0.0,3.501,3.501,7.003,7.003,0.0,3.501,5.76,6.131,5.672,6.642,5.77
1,13.31,0.0,3.328,0.0,6.655,0.0,0.0,6.655,0.0,0.0,3.328,3.328,0.0,6.655,0.0,6.655,3.328,9.983,3.328,0.0,5.198,6.778,6.941,7.377,7.154
1,5.861,11.722,5.861,0.0,5.861,0.0,0.0,5.861,0.0,0.0,0.0,2.93,0.0,0.0,0.0,2.93,2.93,0.0,0.0,14.652,6.485,5.635,8.621,8.15,12.499
1,6.95,0.0,6.95,0.0,3.475,0.0,0.0,3.475,0.0,3.475,6.95,6.95,0.0,0.0,3.475,10.424,6.95,6.95,0.0,3.475,6.543,6.897,6.838,4.538,5.688
1,0.0,3.712,3.712,3.712,11.135,3.712,0.0,0.0,0.0,3.712,7.423,11.135,3.712,0.0,3.712,7.423,7.423,0.0,0.0,3.712,6.41,4.216,4.432,6.039,4.673
1,0.0,0.0,0.0,3.729,11.188,0.0,0.0,0.0,0.0,0.0,18.647,14.918,0.0,0.0,7.459,3.729,7.459,0.0,0.0,7.459,7.336,3.834,4.464,4.938,4.841
1,3.213,6.426,0.0,3.213,6.426,6.426,6.426,0.0,0.0,0.0,3.213,6.426,3.213,3.213,6.426,0.0,3.213,3.213,3.213,0.0,6.641,7.248,8.35,6.558,6.943
1,3.725,0.0,0.0,3.725,3.725,14.899,7.45,3.725,3.725,3.725,7.45,0.0,11.174,0.0,3.725,3.725,0.0,0.0,3.725,0.0,4.693,5.956,3.706,5.137,6.012
1,17.033,3.407,0.0,6.813,0.0,3.407,0.0,10.22,3.407,3.407,3.407,3.407,0.0,0.0,0.0,6.813,3.407,0.0,0.0,3.407,4.943,7.351,5.675,6.37,7.529
1,7.085,0.0,0.0,14.17,0.0,7.085,0.0,0.0,3.543,7.085,3.543,3.543,3.543,3.543,3.543,3.543,7.085,0.0,0.0,3.543,6.954,6.38,6.777,4.028,5.009
1,0.0,0.0,0.0,10.716,0.0,3.572,3.572,10.716,0.0,3.572,7.144,3.572,0.0,3.572,3.572,7.144,10.716,0.0,3.572,0.0,6.019,5.237,7.666,5.587,4.051
1,0.0,6.476,0.0,6.476,0.0,3.238,3.238,3.238,0.0,6.476,3.238,3.238,0.0,3.238,9.714,6.476,3.238,0.0,6.476,0.0,7.6,8.532,6.087,5.757,7.263
1,3.769,0.0,7.537,3.769,0.0,11.306,0.0,3.769,3.769,0.0,11.306,7.537,0.0,0.0,3.769,7.537,3.769,0.0,0.0,7.537,5.555,5.401,2.608,5.37,5.691
1,3.107,0.0,0.0,3.107,0.0,0.0,0.0,3.107,0.0,3.107,6.215,12.43,0.0,0.0,6.215,6.215,6.215,6.215,3.107,3.107,9.978,5.388,7.744,7.085,7.657
1,11.907,0.0,7.938,3.969,0.0,0.0,7.938,11.907,3.969,0.0,7.938,0.0,3.969,0.0,3.969,0.0,11.907,0.0,0.0,3.969,3.449,4.894,4.104,3.929,4.243
1,6.738,6.738,0.0,6.738,3.369,3.369,6.738,0.0,0.0,0.0,6.738,6.738,0.0,0.0,3.369,6.738,6.738,0.0,0.0,3.369,8.389,7.072,5.707,4.942,6.509
1,15.647,9.388,6.259,3.129,0.0,9.388,0.0,3.129,0.0,3.129,0.0,0.0,0.0,0.0,3.129,0.0,3.129,0.0,0.0,6.259,8.393,7.188,9.87,6.262,5.699
1,6.465,6.465,3.232,6.465,0.0,0.0,3.232,3.232,0.0,6.465,0.0,9.697,0.0,0.0,3.232,3.232,0.0,0.0,0.0,12.93,5.699,6.597,8.605,7.131,7.318
1,7.346,3.673,7.346,7.346,3.673,3.673,0.0,7.346,3.673,0.0,3.673,0.0,0.0,0.0,3.673,7.346,7.346,0.0,0.0,7.346,5.234,5.906,4.518,4.929,5.957
1,19.824,3.304,3.304,6.608,0.0,0.0,0.0,6.608,3.304,3.304,0.0,3.304,0.0,6.608,6.608,0.0,0.0,0.0,3.304,0.0,7.381,7.249,6.386,5.405,7.5
1,0.0,3.29,0.0,3.29,0.0,6.579,3.29,6.579,3.29,6.579,6.579,3.29,3.29,0.0,6.579,6.579,0.0,3.29,3.29,0.0,7.076,8.185,6.079,6.395,6.471
1,0.0,12.477,0.0,9.357,0.0,15.596,0.0,9.357,0.0,6.238,0.0,0.0,0.0,0.0,6.238,3.119,0.0,0.0,0.0,0.0,6.251,7.976,8.422,8.503,6.466
1,13.377,3.344,0.0,3.344,0.0,6.689,3.344,6.689,6.689,3.344,0.0,0.0,0.0,0.0,10.033,0.0,0.0,3.344,0.0,6.689,7.113,6.736,5.09,8.411,5.762
1,3.717,0.0,0.0,3.717,3.717,3.717,0.0,14.866,7.433,3.717,3.717,0.0,3.717,3.717,0.0,11.15,3.717,0.0,0.0,7.433,4.01,4.779,4.549,5.616,6.716
1,11.861,0.0,3.954,3.954,0.0,0.0,15.815,3.954,3.954,3.954,0.0,0.0,0.0,0.0,3.954,11.861,3.954,0.0,3.954,7.907,4.57,4.555,4.175,4.096,3.531
1,12.86,0.0,0.0,4.287,0.0,4.287,0.0,0.0,0.0,4.287,0.0,0.0,0.0,0.0,17.146,12.86,30.006,0.0,0.0,0.0,2.701,3.271,2.812,2.945,2.542
1,10.493,3.498,0.0,6.995,0.0,0.0,0.0,3.498,0.0,6.995,10.493,0.0,3.498,0.0,3.498,6.995,3.498,0.0,3.498,6.995,7.555,6.495,4.155,6.782,5.061
1,9.691,3.23,3.23,3.23,0.0,12.922,0.0,3.23,6.461,3.23,0.0,0.0,0.0,0.0,6.461,0.0,3.23,3.23,0.0,6.461,6.849,7.947,6.025,7.911,6.658
1,12.968,3.242,3.242,3.242,0.0,9.726,0.0,3.242,6.484,6.484,0.0,0.0,0.0,0.0,6.484,0.0,0.0,3.242,0.0,6.484,6.779,7.612,5.806,7.93,7.035
1,15.771,6.309,3.154,6.309,3.154,3.154,0.0,3.154,0.0,3.154,0.0,3.154,0.0,3.154,3.154,3.154,6.309,0.0,0.0,0.0,7.006,8.072,6.57,7.649,7.618
1,6.779,3.389,3.389,6.779,0.0,10.168,3.389,3.389,0.0,0.0,6.779,10.168,0.0,3.389,0.0,0.0,6.779,0.0,0.0,3.389,6.843,8.277,5.806,4.362,6.928
1,0.0,6.388,0.0,12.776,0.0,6.388,6.388,0.0,3.194,6.388,0.0,6.388,0.0,3.194,0.0,3.194,0.0,0.0,3.194,6.388,7.624,8.627,4.366,7.516,7.985
1,9.265,6.177,3.088,3.088,0.0,6.177,3.088,3.088,0.0,6.177,6.177,3.088,0.0,3.088,3.088,0.0,3.088,0.0,3.088,0.0,8.323,9.815,7.063,4.765,8.265
1,3.38,0.0,0.0,6.759,0.0,3.38,0.0,3.38,0.0,10.139,3.38,3.38,0.0,3.38,6.759,10.139,3.38,0.0,6.759,3.38,6.198,5.85,6.455,7.053,6.851
1,11.213,0.0,11.213,7.475,0.0,22.426,3.738,0.0,11.213,0.0,0.0,0.0,0.0,0.0,0.0,0.0,0.0,0.0,0.0,7.475,5.958,5.449,6.264,2.276,5.3
1,0.0,3.299,3.299,9.896,0.0,9.896,3.299,0.0,0.0,6.597,0.0,3.299,6.597,3.299,0.0,3.299,3.299,0.0,0.0,9.896,5.529,7.759,5.436,6.838,8.464
1,7.804,0.0,7.804,3.902,0.0,3.902,3.902,3.902,0.0,0.0,11.706,0.0,7.804,3.902,7.804,7.804,7.804,0.0,0.0,0.0,4.257,5.018,3.863,4.082,4.737
1,19.634,0.0,0.0,0.0,0.0,7.854,19.634,7.854,0.0,0.0,0.0,0.0,0.0,0.0,11.78,0.0,3.927,0.0,0.0,7.854,3.848,6.157,5.768,3.636,2.054
1,3.035,3.035,0.0,0.0,0.0,3.035,3.035,3.035,3.035,6.07,0.0,12.14,3.035,0.0,6.07,6.07,0.0,6.07,3.035,0.0,11.342,5.369,8.735,7.348,6.507
1,0.0,3.035,3.035,0.0,0.0,3.035,0.0,6.069,0.0,15.173,6.069,6.069,0.0,0.0,9.104,0.0,0.0,3.035,3.035,3.035,6.09,8.184,7.24,8.585,9.21
1,0.0,8.113,0.0,2.704,0.0,5.409,0.0,10.817,0.0,2.704,5.409,10.817,0.0,0.0,2.704,0.0,0.0,2.704,2.704,0.0,9.66,8.043,8.546,10.514,9.151
1,0.0,3.431,3.431,0.0,0.0,6.862,3.431,3.431,0.0,0.0,10.294,6.862,0.0,0.0,6.862,13.725,3.431,0.0,3.431,3.431,5.37,6.224,6.173,7.888,5.72
1,3.496,3.496,0.0,3.496,6.992,3.496,6.992,0.0,6.992,0.0,6.992,0.0,0.0,0.0,0.0,3.496,6.992,3.496,10.488,3.496,6.446,5.013,5.135,7.68,5.807
1,0.0,3.112,0.0,9.336,0.0,9.336,3.112,6.224,0.0,3.112,6.224,3.112,0.0,6.224,0.0,3.112,0.0,0.0,3.112,6.224,8.635,7.235,8.539,6.124,7.229
1,0.0,8.621,0.0,2.874,0.0,5.747,0.0,11.495,0.0,2.874,8.621,2.874,0.0,0.0,2.874,5.747,0.0,2.874,0.0,2.874,9.417,7.227,7.296,10.193,8.394
1,3.611,0.0,7.223,0.0,7.223,7.223,10.834,3.611,0.0,3.611,10.834,3.611,3.611,7.223,3.611,0.0,0.0,0.0,0.0,0.0,5.673,5.605,7.089,4.095,5.312
1,3.253,6.505,9.758,0.0,0.0,3.253,0.0,6.505,0.0,9.758,6.505,0.0,0.0,0.0,0.0,9.758,3.253,0.0,3.253,3.253,7.075,7.923,6.112,7.439,6.398
1,3.044,3.044,0.0,0.0,0.0,3.044,3.044,3.044,0.0,0.0,6.088,12.175,3.044,0.0,6.088,3.044,6.088,6.088,3.044,0.0,11.32,5.251,8.096,7.57,6.888
1,11.369,3.79,37.896,3.79,0.0,3.79,0.0,0.0,0.0,0.0,0.0,3.79,0.0,0.0,3.79,0.0,0.0,0.0,0.0,7.579,4.858,6.575,4.199,3.608,4.968
1,0.0,0.0,10.366,6.91,0.0,6.91,3.455,0.0,3.455,0.0,3.455,3.455,10.366,3.455,0.0,0.0,3.455,3.455,0.0,10.366,6.371,7.014,4.519,6.696,6.295
1,0.0,0.0,10.366,6.91,0.0,6.91,3.455,0.0,3.455,0.0,3.455,3.455,10.366,3.455,0.0,0.0,3.455,3.455,0.0,10.366,6.371,7.014,4.519,6.696,6.295
1,10.625,0.0,3.542,0.0,0.0,10.625,0.0,0.0,7.084,0.0,10.625,7.084,0.0,3.542,3.542,7.084,3.542,0.0,0.0,3.542,6.485,6.198,5.168,4.842,6.471
1,11.182,0.0,0.0,0.0,3.727,3.727,0.0,3.727,3.727,11.182,0.0,3.727,0.0,7.454,14.909,3.727,0.0,0.0,3.727,3.727,6.139,4.301,5.33,5.158,4.529
1,11.067,0.0,7.378,0.0,7.378,3.689,0.0,3.689,3.689,11.067,3.689,3.689,0.0,3.689,11.067,0.0,0.0,0.0,3.689,0.0,4.803,4.504,4.829,6.282,5.803
1,3.202,12.81,0.0,0.0,0.0,12.81,6.405,0.0,3.202,3.202,12.81,9.607,0.0,0.0,0.0,0.0,0.0,0.0,0.0,0.0,5.748,5.819,9.316,7.852,7.215
1,0.0,0.0,0.0,6.788,3.394,6.788,6.788,0.0,3.394,6.788,6.788,6.788,3.394,0.0,3.394,6.788,0.0,3.394,0.0,3.394,6.014,7.528,6.625,4.12,7.833
1,3.463,6.925,3.463,10.388,3.463,10.388,0.0,6.925,0.0,0.0,0.0,3.463,0.0,0.0,0.0,13.85,0.0,0.0,3.463,3.463,3.445,4.287,6.139,7.829,9.048
1,3.053,12.211,6.106,0.0,0.0,6.106,3.053,0.0,3.053,0.0,12.211,3.053,0.0,6.106,0.0,0.0,3.053,0.0,0.0,3.053,7.385,5.861,8.618,8.34,8.74
1,6.437,3.218,3.218,3.218,0.0,12.874,3.218,0.0,3.218,3.218,3.218,3.218,6.437,0.0,3.218,0.0,3.218,3.218,0.0,3.218,7.203,8.806,7.386,6.546,5.69
1,6.337,3.168,3.168,3.168,0.0,12.673,0.0,0.0,6.337,3.168,3.168,3.168,3.168,0.0,3.168,0.0,3.168,3.168,0.0,6.337,7.084,8.735,7.065,7.442,6.305
1,6.51,3.255,6.51,0.0,3.255,6.51,3.255,0.0,0.0,6.51,3.255,13.02,0.0,0.0,0.0,3.255,3.255,0.0,0.0,6.51,7.779,7.008,6.318,7.503,6.295
1,6.893,0.0,3.446,0.0,0.0,3.446,6.893,6.893,0.0,10.339,0.0,3.446,6.893,0.0,6.893,3.446,0.0,3.446,3.446,3.446,6.286,7.096,5.2,6.0,6.493
1,6.625,3.312,0.0,0.0,3.312,3.312,6.625,6.625,0.0,6.625,0.0,3.312,6.625,0.0,6.625,3.312,0.0,3.312,3.312,3.312,7.887,6.489,6.194,6.241,6.94
1,7.491,0.0,7.491,7.491,3.746,3.746,0.0,0.0,7.491,0.0,0.0,0.0,0.0,0.0,7.491,0.0,11.237,3.746,3.746,11.237,5.896,4.427,4.431,5.772,4.559
1,0.0,0.0,14.691,3.673,0.0,7.346,3.673,0.0,0.0,0.0,3.673,3.673,3.673,3.673,7.346,0.0,3.673,3.673,0.0,14.691,5.329,5.146,4.007,6.512,5.55
1,3.157,0.0,3.157,6.315,0.0,3.157,3.157,3.157,0.0,9.472,3.157,9.472,0.0,6.315,3.157,0.0,0.0,0.0,6.315,3.157,7.404,5.8,7.502,8.777,7.369
1,3.348,0.0,3.348,10.043,0.0,3.348,0.0,0.0,0.0,10.043,3.348,3.348,0.0,6.695,3.348,3.348,6.695,0.0,10.043,0.0,6.689,4.703,7.428,8.135,6.093
1,3.239,0.0,0.0,12.955,0.0,12.955,0.0,3.239,0.0,3.239,6.477,9.716,3.239,3.239,0.0,0.0,3.239,0.0,3.239,0.0,7.714,8.625,5.564,6.056,7.268
1,6.203,0.0,0.0,9.304,0.0,0.0,3.101,12.405,0.0,3.101,3.101,9.304,0.0,3.101,0.0,0.0,3.101,0.0,6.203,3.101,7.778,5.412,9.189,7.679,7.918
1,0.0,0.0,6.616,3.308,0.0,6.616,6.616,9.923,0.0,3.308,3.308,3.308,0.0,3.308,0.0,3.308,6.616,3.308,6.616,0.0,9.09,4.69,6.986,5.875,7.204
1,3.516,0.0,3.516,10.548,0.0,7.032,3.516,3.516,7.032,7.032,7.032,7.032,0.0,3.516,0.0,3.516,0.0,0.0,3.516,0.0,5.372,7.232,4.694,4.652,7.732
1,3.001,9.003,0.0,0.0,0.0,3.001,3.001,3.001,0.0,0.0,15.005,3.001,6.002,6.002,0.0,0.0,9.003,0.0,0.0,0.0,8.958,5.636,8.496,9.087,7.805
1,0.0,9.487,3.162,0.0,3.162,12.649,0.0,0.0,0.0,6.325,3.162,0.0,6.325,3.162,0.0,3.162,3.162,3.162,3.162,3.162,7.662,6.401,6.704,8.225,7.76
1,0.0,0.0,14.064,3.516,0.0,7.032,3.516,0.0,3.516,0.0,3.516,3.516,10.548,3.516,0.0,0.0,3.516,3.516,0.0,10.548,5.749,6.459,4.919,6.399,6.156
1,0.0,0.0,14.011,3.503,0.0,10.509,3.503,0.0,3.503,0.0,0.0,3.503,10.509,3.503,0.0,0.0,3.503,3.503,0.0,10.509,5.941,6.599,5.041,6.228,6.134
1,0.0,0.0,0.0,10.18,0.0,3.393,0.0,3.393,6.787,0.0,6.787,6.787,0.0,10.18,6.787,3.393,3.393,0.0,6.787,0.0,8.012,4.778,7.116,5.552,6.675
1,0.0,3.382,3.382,0.0,0.0,0.0,10.147,3.382,3.382,3.382,3.382,3.382,0.0,3.382,3.382,20.295,0.0,3.382,0.0,3.382,6.254,6.948,5.875,6.775,6.498
1,2.929,8.786,0.0,5.857,0.0,5.857,0.0,2.929,0.0,0.0,2.929,5.857,0.0,5.857,5.857,0.0,2.929,0.0,5.857,2.929,9.149,11.492,6.566,5.064,9.158
1,3.053,3.053,0.0,6.105,0.0,3.053,6.105,3.053,0.0,0.0,12.21,9.158,0.0,9.158,3.053,3.053,0.0,0.0,0.0,0.0,6.767,7.683,9.857,7.738,6.905
1,17.033,3.407,0.0,6.813,0.0,3.407,0.0,10.22,3.407,3.407,3.407,3.407,0.0,0.0,0.0,6.813,3.407,0.0,0.0,3.407,4.943,7.351,5.675,6.37,7.529
1,17.708,3.542,3.542,3.542,0.0,3.542,0.0,7.083,3.542,3.542,3.542,3.542,0.0,0.0,0.0,10.625,7.083,0.0,0.0,0.0,3.974,6.839,5.868,6.378,6.109
1,7.51,0.0,0.0,0.0,0.0,0.0,3.755,15.021,0.0,3.755,11.265,7.51,0.0,0.0,0.0,3.755,3.755,0.0,3.755,15.021,4.923,4.112,4.998,5.58,5.284
1,10.053,3.351,3.351,0.0,0.0,6.702,6.702,10.053,0.0,6.702,0.0,3.351,3.351,3.351,0.0,6.702,0.0,0.0,0.0,3.351,5.271,8.2,7.037,5.251,7.221
1,7.962,0.0,7.962,3.981,0.0,3.981,3.981,7.962,0.0,0.0,11.943,0.0,3.981,0.0,3.981,7.962,11.943,0.0,0.0,3.981,3.949,4.542,4.049,3.846,3.997
1,7.51,0.0,0.0,0.0,0.0,0.0,3.755,11.265,0.0,3.755,11.265,7.51,0.0,0.0,0.0,3.755,3.755,0.0,3.755,18.776,5.19,4.112,4.998,5.456,5.141
1,3.534,0.0,3.534,0.0,7.069,0.0,0.0,10.603,0.0,7.069,10.603,3.534,0.0,0.0,3.534,3.534,7.069,7.069,0.0,3.534,6.238,5.924,5.538,6.528,5.086
1,15.085,7.542,0.0,3.771,0.0,0.0,0.0,26.398,0.0,3.771,0.0,0.0,0.0,0.0,11.313,0.0,0.0,0.0,0.0,7.542,5.117,5.442,4.582,5.253,4.182
1,19.34,0.0,3.868,3.868,3.868,3.868,0.0,15.472,0.0,0.0,3.868,0.0,0.0,0.0,11.604,0.0,3.868,0.0,3.868,3.868,4.812,4.785,5.117,3.972,3.953
1,0.0,0.0,10.587,0.0,7.058,3.529,3.529,7.058,0.0,0.0,3.529,0.0,0.0,14.116,0.0,7.058,7.058,3.529,3.529,0.0,4.122,6.532,7.09,6.507,5.17
1,0.0,8.383,0.0,2.794,0.0,5.589,0.0,11.178,0.0,2.794,8.383,8.383,0.0,0.0,2.794,2.794,0.0,2.794,0.0,0.0,9.618,7.984,7.961,10.138,8.411
1,10.784,0.0,10.784,0.0,7.189,0.0,0.0,7.189,0.0,3.595,3.595,7.189,0.0,7.189,3.595,0.0,7.189,0.0,3.595,0.0,5.324,5.298,4.853,5.87,6.765
1,10.265,0.0,0.0,17.109,0.0,0.0,6.843,10.265,0.0,3.422,3.422,0.0,10.265,6.843,0.0,0.0,0.0,0.0,0.0,0.0,7.038,5.636,6.395,8.192,4.305
1,22.887,0.0,0.0,0.0,0.0,0.0,0.0,36.62,0.0,0.0,0.0,0.0,0.0,0.0,18.31,0.0,0.0,0.0,0.0,13.732,1.479,2.573,2.623,1.497,0.279
1,8.206,0.0,0.0,0.0,0.0,0.0,0.0,32.823,0.0,0.0,4.103,0.0,0.0,8.206,16.412,0.0,0.0,0.0,0.0,12.309,4.534,4.271,3.754,3.697,1.686
1,0.0,8.573,2.858,5.715,0.0,5.715,0.0,8.573,0.0,2.858,2.858,0.0,2.858,2.858,2.858,5.715,0.0,2.858,2.858,0.0,8.222,8.979,9.599,8.03,8.016
1,0.0,5.904,2.952,5.904,0.0,2.952,0.0,5.904,0.0,2.952,2.952,8.856,2.952,0.0,0.0,2.952,0.0,2.952,5.904,5.904,9.747,7.855,8.543,8.867,5.951
1,0.0,0.0,0.0,0.0,0.0,3.522,0.0,21.133,0.0,7.044,3.522,3.522,3.522,14.088,3.522,7.044,0.0,0.0,0.0,3.522,6.868,5.896,5.995,6.062,4.737
1,3.752,0.0,0.0,3.752,0.0,0.0,0.0,33.77,0.0,0.0,3.752,0.0,0.0,7.504,11.257,0.0,0.0,3.752,0.0,7.504,6.495,5.925,4.109,4.664,3.763
1,3.561,0.0,0.0,3.561,0.0,0.0,0.0,28.491,0.0,0.0,3.561,0.0,0.0,7.123,10.684,0.0,0.0,3.561,3.561,7.123,7.094,7.764,4.388,5.153,4.373
1,0.0,0.0,0.0,6.731,0.0,0.0,0.0,26.925,0.0,0.0,3.366,0.0,0.0,6.731,6.731,0.0,0.0,3.366,3.366,10.097,7.785,7.808,5.166,6.516,5.412
1,0.0,0.0,0.0,6.685,0.0,0.0,0.0,23.399,0.0,0.0,3.343,0.0,0.0,6.685,6.685,3.343,0.0,3.343,3.343,10.028,7.32,7.458,5.723,6.642,6.003
1,0.0,8.596,2.865,5.731,0.0,2.865,0.0,8.596,0.0,2.865,2.865,2.865,2.865,2.865,2.865,2.865,0.0,2.865,5.731,0.0,8.702,8.805,9.161,7.96,8.063
1,0.0,5.885,2.942,5.885,0.0,2.942,0.0,8.827,0.0,0.0,2.942,8.827,2.942,0.0,0.0,2.942,0.0,2.942,5.885,5.885,8.912,7.812,8.971,8.286,7.173
1,10.154,3.385,0.0,0.0,3.385,3.385,6.769,13.538,3.385,0.0,3.385,3.385,3.385,0.0,3.385,3.385,0.0,0.0,0.0,6.769,7.192,5.168,6.573,6.163,7.212
1,0.0,15.179,0.0,6.071,0.0,15.179,0.0,9.107,0.0,6.071,3.036,0.0,0.0,0.0,3.036,3.036,0.0,0.0,0.0,0.0,8.127,7.516,8.397,9.183,6.062
1,0.0,12.282,0.0,6.141,0.0,15.352,0.0,9.211,0.0,6.141,3.07,0.0,0.0,0.0,3.07,3.07,0.0,0.0,0.0,3.07,7.489,8.68,7.12,7.879,7.424
1,6.133,6.133,0.0,3.066,0.0,3.066,12.266,3.066,0.0,6.133,9.199,6.133,0.0,0.0,0.0,0.0,0.0,0.0,3.066,3.066,7.629,9.264,8.411,7.497,5.869
1,3.49,0.0,0.0,10.47,0.0,0.0,0.0,10.47,0.0,10.47,0.0,0.0,0.0,0.0,13.96,0.0,10.47,3.49,3.49,3.49,5.881,7.144,6.788,4.233,6.156
1,8.873,5.916,0.0,5.916,0.0,2.958,0.0,2.958,0.0,2.958,8.873,5.916,2.958,2.958,0.0,2.958,2.958,0.0,0.0,2.958,7.803,10.423,6.791,7.992,7.835
1,0.0,3.737,3.737,0.0,0.0,0.0,0.0,7.474,0.0,3.737,3.737,0.0,0.0,7.474,3.737,29.898,11.212,0.0,0.0,0.0,4.485,5.46,5.37,4.873,5.068
1,3.233,6.466,6.466,3.233,3.233,0.0,6.466,9.699,3.233,3.233,6.466,3.233,0.0,3.233,0.0,0.0,0.0,0.0,0.0,6.466,8.215,5.942,6.935,7.055,7.19
1,3.439,0.0,0.0,3.439,6.877,0.0,6.877,10.316,0.0,6.877,10.316,6.877,0.0,0.0,0.0,3.439,6.877,3.439,0.0,0.0,4.914,5.897,5.55,7.926,6.939
1,3.51,0.0,0.0,3.51,7.02,0.0,7.02,10.53,0.0,7.02,10.53,3.51,0.0,0.0,0.0,3.51,7.02,3.51,0.0,3.51,5.065,5.956,5.598,7.143,6.041
1,3.534,0.0,3.534,0.0,7.069,0.0,0.0,10.603,0.0,7.069,10.603,3.534,0.0,0.0,3.534,3.534,7.069,7.069,0.0,3.534,6.238,5.924,5.538,6.528,5.086
1,6.625,3.312,0.0,0.0,3.312,3.312,6.625,6.625,0.0,6.625,0.0,3.312,6.625,0.0,6.625,3.312,0.0,3.312,3.312,3.312,7.887,6.489,6.194,6.241,6.94
1,0.0,0.0,3.426,10.279,0.0,3.426,3.426,6.853,3.426,0.0,6.853,3.426,3.426,6.853,6.853,3.426,3.426,0.0,3.426,0.0,5.256,6.034,6.178,7.398,6.606
1,0.0,0.0,0.0,3.251,0.0,6.501,0.0,3.251,0.0,9.752,9.752,16.253,0.0,0.0,6.501,6.501,0.0,0.0,0.0,3.251,6.199,7.727,6.358,8.175,6.527
1,3.184,3.184,0.0,3.184,3.184,9.552,3.184,6.368,0.0,3.184,6.368,6.368,3.184,3.184,3.184,3.184,0.0,0.0,0.0,3.184,8.107,7.304,5.27,6.352,9.285
1,5.922,0.0,2.961,2.961,0.0,2.961,2.961,8.882,0.0,2.961,5.922,8.882,0.0,0.0,2.961,0.0,0.0,5.922,0.0,5.922,7.005,6.887,8.663,7.941,10.289
1,14.207,7.103,0.0,0.0,3.552,0.0,3.552,14.207,0.0,0.0,0.0,0.0,0.0,0.0,14.207,3.552,7.103,0.0,0.0,3.552,6.926,4.539,6.652,3.978,6.872
1,2.911,8.732,0.0,0.0,0.0,0.0,2.911,11.643,0.0,11.643,0.0,5.821,0.0,2.911,2.911,2.911,2.911,0.0,0.0,2.911,10.144,8.674,6.532,8.144,8.293
1,2.937,8.811,2.937,0.0,0.0,0.0,2.937,11.747,0.0,11.747,0.0,2.937,0.0,2.937,2.937,2.937,2.937,0.0,0.0,2.937,10.206,8.235,6.649,7.586,8.587
1,0.0,9.019,0.0,9.019,0.0,3.006,3.006,3.006,0.0,6.013,3.006,3.006,0.0,6.013,6.013,3.006,0.0,0.0,3.006,3.006,8.869,10.7,7.54,4.975,7.789
1,0.0,3.63,10.89,0.0,0.0,3.63,3.63,14.52,14.52,0.0,0.0,3.63,3.63,0.0,7.26,3.63,3.63,0.0,0.0,0.0,5.576,5.416,6.055,5.975,4.378
1,0.0,3.567,0.0,0.0,0.0,7.133,10.7,7.133,0.0,3.567,17.834,0.0,0.0,0.0,3.567,10.7,3.567,0.0,3.567,0.0,6.042,6.399,5.4,4.298,6.527
1,2.937,8.811,2.937,0.0,0.0,0.0,2.937,11.747,0.0,11.747,0.0,2.937,0.0,2.937,2.937,2.937,2.937,0.0,0.0,2.937,10.206,8.235,6.649,7.586,8.587
1,3.01,9.03,3.01,0.0,0.0,0.0,6.02,12.041,0.0,9.03,0.0,3.01,3.01,3.01,3.01,0.0,3.01,0.0,0.0,3.01,8.964,8.308,7.592,7.279,7.655
1,6.04,6.04,0.0,3.02,0.0,6.04,0.0,6.04,3.02,6.04,3.02,6.04,0.0,0.0,0.0,0.0,6.04,0.0,6.04,3.02,8.232,6.505,6.659,9.854,8.356
1,6.233,6.233,0.0,9.349,0.0,3.116,0.0,3.116,0.0,0.0,3.116,3.116,0.0,3.116,3.116,6.233,3.116,0.0,0.0,12.466,9.066,5.656,10.132,5.239,7.579
1,0.0,0.0,0.0,0.0,0.0,3.961,7.921,11.882,0.0,7.921,7.921,0.0,0.0,0.0,7.921,11.882,11.882,0.0,0.0,7.921,3.323,4.143,4.844,4.515,3.961
1,6.927,0.0,0.0,0.0,3.464,3.464,0.0,3.464,0.0,0.0,3.464,3.464,0.0,3.464,3.464,0.0,13.854,3.464,6.927,13.854,4.787,7.052,6.376,6.678,5.836
1,7.015,7.015,0.0,3.508,0.0,3.508,3.508,10.523,7.015,3.508,0.0,0.0,3.508,0.0,14.031,3.508,0.0,0.0,0.0,3.508,6.328,5.847,4.465,7.492,5.714
1,0.0,0.0,0.0,10.194,0.0,6.796,6.796,0.0,3.398,6.796,6.796,3.398,6.796,0.0,3.398,6.796,0.0,3.398,0.0,3.398,6.303,7.798,5.535,4.509,7.894
1,0.0,6.161,3.081,3.081,0.0,6.161,3.081,12.323,9.242,3.081,3.081,0.0,3.081,0.0,0.0,3.081,0.0,0.0,3.081,3.081,7.699,8.598,5.93,6.922,9.236
1,2.915,8.745,0.0,8.745,0.0,8.745,0.0,2.915,2.915,0.0,5.83,0.0,2.915,2.915,2.915,2.915,0.0,2.915,0.0,2.915,9.284,7.323,9.69,6.221,9.182
1,12.745,0.0,0.0,4.248,0.0,0.0,0.0,8.497,8.497,0.0,0.0,4.248,0.0,0.0,38.234,4.248,4.248,0.0,0.0,0.0,3.479,1.963,3.246,2.681,3.666
1,7.012,0.0,3.506,7.012,0.0,10.518,0.0,3.506,7.012,0.0,7.012,0.0,0.0,0.0,10.518,3.506,3.506,3.506,0.0,3.506,7.012,6.251,4.116,6.616,5.883
1,16.071,3.214,0.0,6.429,0.0,0.0,6.429,3.214,3.214,3.214,9.643,3.214,0.0,3.214,0.0,0.0,0.0,0.0,3.214,3.214,7.621,5.108,7.557,8.521,6.908
1,0.0,3.112,0.0,0.0,0.0,9.336,3.112,3.112,3.112,0.0,3.112,15.559,0.0,0.0,0.0,6.224,0.0,6.224,9.336,0.0,9.102,6.93,8.159,6.18,7.391
1,0.0,6.576,0.0,3.288,0.0,13.152,3.288,6.576,3.288,6.576,3.288,0.0,0.0,3.288,13.152,0.0,3.288,0.0,0.0,0.0,6.56,7.043,7.112,6.379,7.145
1,6.797,6.797,0.0,3.398,0.0,6.797,3.398,6.797,6.797,3.398,0.0,0.0,3.398,0.0,10.195,0.0,0.0,3.398,0.0,6.797,7.558,5.879,5.325,7.127,6.141
1,0.0,9.075,3.025,3.025,0.0,0.0,0.0,3.025,3.025,3.025,9.075,3.025,3.025,9.075,0.0,0.0,9.075,0.0,0.0,3.025,9.52,5.944,9.472,6.876,7.687
1,6.264,6.264,3.132,3.132,0.0,6.264,0.0,3.132,6.264,0.0,0.0,3.132,0.0,0.0,0.0,15.659,0.0,3.132,3.132,3.132,7.839,8.55,6.095,9.035,5.844
1,7.053,0.0,3.527,0.0,0.0,0.0,0.0,10.58,3.527,3.527,0.0,21.16,3.527,0.0,3.527,7.053,0.0,0.0,0.0,7.053,5.177,8.002,7.395,4.433,4.461
1,4.001,0.0,4.001,4.001,0.0,4.001,0.0,0.0,8.002,8.002,16.004,0.0,0.0,0.0,20.005,8.002,4.001,0.0,0.0,0.0,4.193,4.293,4.177,3.509,3.809
1,0.0,3.015,3.015,6.029,0.0,0.0,0.0,6.029,3.015,9.044,6.029,3.015,0.0,9.044,0.0,3.015,0.0,6.029,3.015,0.0,9.647,6.843,7.666,6.376,9.174
1,23.522,0.0,0.0,3.92,3.92,0.0,0.0,7.841,3.92,3.92,3.92,3.92,0.0,0.0,7.841,7.841,0.0,0.0,0.0,7.841,4.653,3.826,4.363,4.218,4.532
1,0.0,6.432,3.216,6.432,0.0,3.216,3.216,3.216,0.0,12.865,9.648,0.0,0.0,0.0,0.0,6.432,3.216,0.0,6.432,0.0,5.754,8.606,5.995,6.95,8.372
1,6.986,0.0,3.493,13.972,6.986,13.972,0.0,0.0,0.0,10.479,6.986,3.493,0.0,0.0,0.0,0.0,0.0,0.0,0.0,3.493,6.944,7.315,5.334,5.917,4.628
1,0.0,12.477,0.0,9.357,0.0,15.596,0.0,9.357,0.0,6.238,0.0,0.0,0.0,0.0,6.238,3.119,0.0,0.0,0.0,0.0,6.251,7.976,8.422,8.503,6.466
1,6.488,6.488,0.0,0.0,0.0,3.244,0.0,3.244,0.0,3.244,3.244,12.976,0.0,0.0,6.488,0.0,3.244,0.0,3.244,12.976,7.929,6.466,6.2,7.536,6.988
1,3.254,6.509,0.0,3.254,0.0,6.509,0.0,6.509,3.254,6.509,13.017,0.0,0.0,0.0,9.763,0.0,3.254,0.0,0.0,3.254,8.126,6.798,7.589,6.323,6.079
1,6.41,6.41,6.41,0.0,3.205,0.0,3.205,9.615,3.205,9.615,0.0,3.205,3.205,3.205,0.0,0.0,3.205,0.0,0.0,3.205,8.528,6.859,6.16,8.336,6.019
1,3.025,9.074,6.049,0.0,0.0,0.0,0.0,9.074,3.025,6.049,0.0,3.025,0.0,3.025,3.025,3.025,9.074,0.0,3.025,0.0,6.799,7.549,8.393,8.224,8.544
1,3.243,0.0,3.243,0.0,0.0,9.729,6.486,0.0,0.0,9.729,9.729,9.729,0.0,0.0,0.0,0.0,0.0,3.243,3.243,6.486,5.704,8.302,6.547,6.23,8.36
1,6.536,0.0,3.268,0.0,0.0,0.0,6.536,3.268,0.0,13.071,0.0,9.803,6.536,0.0,6.536,0.0,0.0,3.268,3.268,3.268,6.46,8.388,5.287,6.447,8.062
1,3.037,6.074,0.0,3.037,3.037,3.037,6.074,6.074,0.0,6.074,12.148,3.037,0.0,0.0,0.0,0.0,0.0,3.037,3.037,3.037,6.73,9.582,7.371,8.543,7.034
1,3.181,0.0,0.0,6.362,3.181,9.542,0.0,9.542,0.0,3.181,6.362,12.723,3.181,3.181,0.0,0.0,0.0,0.0,3.181,0.0,7.977,5.98,7.736,8.553,6.139
1,3.092,6.185,0.0,0.0,0.0,6.185,0.0,6.185,0.0,6.185,9.277,0.0,0.0,0.0,6.185,3.092,6.185,3.092,0.0,6.185,7.512,6.562,8.21,8.009,7.858
1,14.566,0.0,0.0,0.0,3.642,7.283,0.0,3.642,0.0,3.642,10.925,7.283,7.283,0.0,3.642,0.0,10.925,0.0,0.0,0.0,5.003,6.267,5.306,4.188,6.405
1,0.0,7.399,18.499,0.0,3.7,3.7,7.399,0.0,0.0,3.7,3.7,3.7,0.0,0.0,3.7,7.399,7.399,0.0,0.0,3.7,6.171,5.117,4.221,5.091,5.405
1,2.82,11.28,0.0,0.0,0.0,0.0,2.82,8.46,0.0,8.46,0.0,5.64,0.0,2.82,2.82,2.82,5.64,0.0,0.0,2.82,9.551,8.508,7.718,7.583,10.239
1,2.82,11.28,0.0,0.0,0.0,0.0,2.82,8.46,0.0,8.46,0.0,5.64,0.0,2.82,2.82,2.82,5.64,0.0,0.0,2.82,9.551,8.508,7.718,7.583,10.239
1,2.842,11.368,0.0,0.0,0.0,0.0,2.842,8.526,0.0,11.368,0.0,5.684,0.0,2.842,2.842,2.842,2.842,0.0,0.0,2.842,9.743,8.515,7.756,7.642,9.504
1,3.422,6.843,0.0,6.843,0.0,13.687,3.422,0.0,3.422,6.843,3.422,10.265,0.0,0.0,3.422,0.0,3.422,0.0,3.422,0.0,6.002,7.843,6.077,5.916,5.728
1,2.82,11.28,0.0,0.0,0.0,0.0,2.82,8.46,0.0,8.46,0.0,5.64,0.0,2.82,2.82,2.82,5.64,0.0,0.0,2.82,9.551,8.508,7.718,7.583,10.239
1,2.842,11.368,0.0,0.0,0.0,0.0,2.842,8.526,0.0,11.368,0.0,5.684,0.0,2.842,2.842,2.842,2.842,0.0,0.0,2.842,9.743,8.515,7.756,7.642,9.504
1,3.677,7.355,3.677,0.0,0.0,0.0,0.0,11.032,0.0,7.355,11.032,0.0,0.0,0.0,25.742,0.0,3.677,0.0,0.0,0.0,5.446,6.237,5.946,5.292,3.53
1,0.0,8.971,0.0,5.981,0.0,2.99,2.99,2.99,0.0,2.99,2.99,5.981,0.0,5.981,5.981,0.0,2.99,0.0,5.981,2.99,8.549,12.38,7.174,3.567,8.522
1,3.093,6.186,3.093,3.093,3.093,6.186,0.0,6.186,0.0,9.28,0.0,0.0,0.0,0.0,0.0,0.0,12.373,0.0,6.186,3.093,6.471,7.08,6.759,8.441,9.385
1,3.048,3.048,0.0,3.048,0.0,3.048,3.048,3.048,0.0,6.096,3.048,9.144,0.0,6.096,0.0,6.096,3.048,0.0,6.096,3.048,8.525,5.669,9.022,6.959,8.864
1,7.393,0.0,7.393,11.089,0.0,0.0,0.0,11.089,0.0,11.089,0.0,0.0,0.0,0.0,0.0,0.0,22.179,0.0,3.696,0.0,5.87,5.049,4.643,5.456,5.053
1,3.501,0.0,0.0,0.0,7.003,0.0,3.501,10.504,0.0,7.003,10.504,3.501,0.0,0.0,3.501,3.501,7.003,7.003,0.0,3.501,5.76,6.131,5.672,6.642,5.77
1,0.0,0.0,3.222,3.222,0.0,3.222,0.0,0.0,0.0,12.889,9.667,9.667,3.222,3.222,6.445,3.222,0.0,0.0,3.222,3.222,4.263,6.683,7.579,8.349,8.681
1,3.155,6.31,9.465,0.0,0.0,0.0,0.0,9.465,3.155,6.31,0.0,3.155,0.0,3.155,3.155,3.155,9.465,0.0,3.155,0.0,5.811,7.102,7.992,8.503,7.493
1,5.648,8.472,0.0,5.648,0.0,0.0,2.824,5.648,0.0,5.648,0.0,8.472,2.824,0.0,2.824,0.0,0.0,0.0,2.824,5.648,7.083,10.099,9.724,7.857,8.755
1,7.073,3.537,3.537,0.0,3.537,0.0,3.537,7.073,0.0,10.61,0.0,3.537,3.537,0.0,7.073,10.61,3.537,0.0,3.537,0.0,6.613,5.344,6.415,4.272,6.624
1,3.632,0.0,0.0,7.263,10.895,3.632,7.263,7.263,3.632,0.0,3.632,7.263,3.632,0.0,3.632,7.263,0.0,0.0,0.0,3.632,7.238,4.068,6.799,5.135,4.126
1,0.0,5.658,2.829,5.658,0.0,0.0,2.829,2.829,0.0,0.0,5.658,8.486,0.0,0.0,2.829,5.658,2.829,5.658,0.0,5.658,8.186,8.642,9.618,8.22,8.758
1,0.0,6.599,3.3,0.0,0.0,3.3,13.199,0.0,0.0,6.599,3.3,9.899,0.0,3.3,0.0,0.0,6.599,0.0,6.599,3.3,8.282,8.332,5.56,5.405,6.428
1,18.165,0.0,0.0,0.0,0.0,3.633,7.266,3.633,0.0,7.266,3.633,7.266,0.0,0.0,0.0,3.633,7.266,0.0,0.0,10.899,5.973,6.238,3.829,5.628,5.671
1,3.095,3.095,0.0,6.191,0.0,3.095,3.095,3.095,0.0,9.286,3.095,9.286,0.0,6.191,3.095,0.0,0.0,0.0,6.191,3.095,8.392,5.451,8.695,8.608,6.946
1,0.0,12.804,0.0,0.0,3.201,0.0,3.201,9.603,0.0,6.402,3.201,9.603,0.0,3.201,0.0,3.201,3.201,0.0,3.201,3.201,6.092,5.288,6.757,7.711,10.131
1,0.0,6.473,3.237,0.0,0.0,6.473,0.0,6.473,0.0,0.0,9.71,3.237,3.237,0.0,6.473,0.0,9.71,0.0,3.237,6.473,7.056,6.085,7.305,6.622,8.201
1,0.0,0.0,3.661,0.0,7.322,0.0,3.661,10.983,3.661,0.0,0.0,14.643,0.0,3.661,0.0,10.983,7.322,0.0,0.0,7.322,5.96,5.645,5.37,4.938,4.869
1,0.0,2.879,0.0,2.879,0.0,5.757,0.0,8.636,0.0,2.879,0.0,5.757,0.0,2.879,2.879,2.879,2.879,2.879,11.514,2.879,8.178,8.642,8.518,9.114,7.977
1,15.36,0.0,3.84,3.84,0.0,0.0,15.36,3.84,3.84,0.0,0.0,15.36,0.0,0.0,0.0,11.52,3.84,0.0,0.0,0.0,4.527,4.881,4.286,4.128,5.376
1,2.856,5.712,0.0,5.712,0.0,0.0,0.0,0.0,0.0,2.856,2.856,14.28,0.0,5.712,2.856,2.856,2.856,2.856,0.0,5.712,7.543,7.446,8.003,10.47,9.417
1,0.0,3.229,6.457,3.229,0.0,9.686,3.229,3.229,0.0,3.229,6.457,6.457,0.0,3.229,0.0,3.229,9.686,0.0,0.0,3.229,7.003,6.095,6.648,7.81,7.874
1,6.331,6.331,9.496,0.0,0.0,3.165,0.0,9.496,0.0,6.331,3.165,6.331,0.0,0.0,3.165,0.0,6.331,0.0,3.165,0.0,6.59,6.653,8.182,8.812,6.457
1,6.576,3.288,0.0,0.0,0.0,6.576,9.864,0.0,3.288,0.0,13.151,9.864,3.288,0.0,0.0,0.0,0.0,0.0,3.288,6.576,7.348,6.78,5.208,7.953,6.954
1,0.0,3.585,3.585,7.17,0.0,0.0,3.585,7.17,3.585,0.0,7.17,21.511,0.0,0.0,14.341,0.0,0.0,0.0,0.0,0.0,7.887,5.288,4.144,6.023,4.955
1,0.0,6.299,0.0,6.299,0.0,3.15,0.0,6.299,6.299,9.449,3.15,3.15,3.15,0.0,3.15,6.299,0.0,0.0,0.0,6.299,6.778,6.469,9.131,6.901,7.729
1,2.82,11.28,0.0,0.0,0.0,0.0,2.82,8.46,0.0,8.46,0.0,5.64,0.0,2.82,2.82,2.82,5.64,0.0,0.0,2.82,9.551,8.508,7.718,7.583,10.239
1,0.0,0.0,3.534,3.534,0.0,3.534,3.534,0.0,3.534,10.602,7.068,7.068,0.0,3.534,0.0,7.068,7.068,0.0,10.602,0.0,5.987,8.238,4.382,4.919,5.792
1,3.234,9.701,9.701,0.0,0.0,0.0,0.0,6.467,0.0,6.467,0.0,6.467,0.0,0.0,6.467,3.234,6.467,0.0,3.234,3.234,7.273,7.603,7.774,5.792,6.885
1,3.234,9.701,9.701,0.0,0.0,0.0,0.0,6.467,0.0,6.467,0.0,6.467,0.0,0.0,6.467,3.234,6.467,0.0,3.234,3.234,7.273,7.603,7.774,5.792,6.885
1,0.0,0.0,0.0,0.0,3.26,3.26,0.0,13.038,0.0,0.0,9.779,13.038,0.0,3.26,0.0,3.26,9.779,0.0,6.519,0.0,7.305,7.911,8.351,6.483,4.759
1,6.583,3.292,3.292,0.0,0.0,9.875,6.583,0.0,0.0,0.0,3.292,6.583,3.292,0.0,0.0,3.292,9.875,3.292,3.292,3.292,8.258,7.34,5.454,7.705,5.411
1,10.082,0.0,0.0,3.361,0.0,3.361,6.721,10.082,0.0,0.0,6.721,3.361,0.0,3.361,0.0,0.0,6.721,0.0,6.721,6.721,6.886,6.95,6.022,6.789,6.14
1,2.993,2.993,2.993,2.993,0.0,2.993,2.993,8.979,0.0,2.993,2.993,11.971,2.993,0.0,0.0,5.986,0.0,0.0,5.986,0.0,7.515,8.278,6.016,9.84,8.494
1,13.963,3.491,3.491,0.0,0.0,3.491,3.491,3.491,3.491,0.0,3.491,3.491,3.491,0.0,3.491,3.491,10.472,0.0,0.0,6.982,7.062,5.33,5.962,4.297,7.533
1,6.658,3.329,9.986,3.329,0.0,9.986,0.0,3.329,0.0,3.329,6.658,0.0,0.0,3.329,0.0,6.658,3.329,0.0,0.0,6.658,5.835,7.819,7.836,6.791,5.143
1,3.284,6.569,0.0,0.0,0.0,0.0,9.853,19.706,0.0,3.284,6.569,0.0,0.0,0.0,13.138,0.0,0.0,0.0,0.0,3.284,5.107,7.498,5.662,8.313,7.731
1,10.924,3.641,3.641,10.924,0.0,0.0,7.283,10.924,0.0,0.0,3.641,0.0,3.641,0.0,10.924,3.641,0.0,0.0,0.0,3.641,4.144,5.735,6.274,5.979,5.04
1,7.158,3.579,0.0,0.0,3.579,7.158,3.579,14.317,3.579,0.0,3.579,3.579,7.158,0.0,3.579,0.0,3.579,0.0,0.0,7.158,7.03,4.907,4.674,6.439,5.365
1,3.376,0.0,0.0,13.505,0.0,10.129,0.0,0.0,3.376,3.376,10.129,3.376,0.0,0.0,0.0,3.376,3.376,0.0,3.376,10.129,6.074,5.267,7.624,7.046,6.462
1,0.0,3.466,0.0,0.0,3.466,6.931,10.397,10.397,0.0,3.466,13.863,0.0,0.0,0.0,6.931,6.931,3.466,0.0,0.0,0.0,5.635,7.132,5.68,6.155,6.082
1,13.824,0.0,3.456,6.912,3.456,3.456,0.0,0.0,3.456,0.0,3.456,3.456,0.0,3.456,0.0,3.456,6.912,3.456,3.456,6.912,7.406,5.426,5.443,7.555,5.053
1,3.441,3.441,0.0,0.0,0.0,0.0,0.0,10.324,0.0,10.324,13.765,3.441,3.441,6.883,0.0,0.0,0.0,0.0,0.0,13.765,5.688,6.029,6.029,5.682,7.746
1,3.668,0.0,7.335,7.335,3.668,3.668,3.668,3.668,0.0,0.0,7.335,3.668,0.0,3.668,11.003,0.0,3.668,0.0,3.668,7.335,5.832,5.102,6.283,3.008,6.422
1,3.51,0.0,0.0,3.51,7.02,0.0,7.02,10.53,0.0,7.02,10.53,3.51,0.0,0.0,0.0,3.51,7.02,3.51,0.0,3.51,5.065,5.956,5.598,7.143,6.041
1,15.008,0.0,0.0,0.0,3.752,7.504,3.752,3.752,0.0,3.752,11.256,3.752,7.504,0.0,3.752,0.0,11.256,0.0,0.0,0.0,4.412,5.793,4.536,4.555,5.665
1,20.177,4.035,4.035,4.035,0.0,4.035,0.0,12.106,0.0,4.035,8.071,0.0,0.0,0.0,8.071,4.035,4.035,0.0,0.0,4.035,4.104,3.329,3.801,4.306,3.753
1,0.0,3.45,3.45,0.0,6.9,3.45,0.0,6.9,10.35,6.9,3.45,0.0,0.0,6.9,3.45,0.0,10.35,0.0,0.0,3.45,5.113,5.527,5.73,7.624,7.007
1,6.337,3.168,3.168,3.168,0.0,12.673,0.0,0.0,6.337,3.168,3.168,3.168,3.168,0.0,3.168,0.0,3.168,3.168,0.0,6.337,7.084,8.735,7.065,7.442,6.305
1,14.285,0.0,0.0,0.0,0.0,14.285,0.0,3.571,0.0,3.571,7.142,7.142,0.0,0.0,0.0,10.714,3.571,0.0,0.0,7.142,6.028,6.81,5.621,5.625,4.493
1,3.108,0.0,6.215,3.108,0.0,9.323,3.108,0.0,0.0,3.108,12.43,3.108,0.0,3.108,0.0,3.108,3.108,9.323,0.0,0.0,7.53,7.617,5.665,8.767,8.269
1,0.0,0.0,0.0,3.333,6.666,0.0,6.666,9.998,0.0,6.666,13.331,6.666,0.0,0.0,0.0,3.333,3.333,3.333,3.333,0.0,5.686,7.039,6.229,8.002,6.389
1,0.0,6.536,9.804,3.268,0.0,6.536,0.0,9.804,0.0,3.268,9.804,0.0,0.0,3.268,3.268,6.536,3.268,0.0,0.0,0.0,5.84,7.506,6.983,7.189,7.124
1,3.133,3.133,0.0,9.4,0.0,3.133,0.0,12.534,0.0,0.0,3.133,0.0,0.0,9.4,3.133,3.133,3.133,0.0,3.133,6.267,7.495,9.842,7.975,6.467,5.552
1,0.0,3.078,0.0,0.0,0.0,6.156,0.0,12.313,0.0,6.156,6.156,6.156,6.156,0.0,6.156,3.078,0.0,3.078,0.0,3.078,7.388,6.957,8.591,6.237,9.262
1,4.076,0.0,4.076,4.076,0.0,4.076,0.0,0.0,8.153,4.076,16.305,0.0,0.0,0.0,24.458,8.153,4.076,0.0,0.0,0.0,3.75,4.231,3.42,3.192,3.881
1,6.119,6.119,0.0,3.06,0.0,3.06,12.239,0.0,0.0,3.06,15.298,6.119,0.0,0.0,0.0,0.0,0.0,0.0,3.06,3.06,6.777,8.757,8.888,8.307,6.077
1,0.0,0.0,3.567,7.135,0.0,3.567,3.567,10.702,0.0,7.135,3.567,7.135,0.0,0.0,10.702,3.567,0.0,0.0,0.0,10.702,5.811,6.846,5.437,4.748,5.811
1,3.303,3.303,0.0,3.303,0.0,6.606,3.303,9.909,0.0,0.0,3.303,3.303,3.303,3.303,6.606,3.303,6.606,0.0,0.0,6.606,6.923,6.712,7.538,5.741,7.026
1,0.0,3.151,0.0,0.0,0.0,6.301,0.0,6.301,3.151,6.301,6.301,3.151,0.0,0.0,3.151,6.301,3.151,0.0,6.301,9.452,7.12,6.106,7.268,9.307,7.187
1,6.762,3.381,3.381,0.0,0.0,23.665,0.0,0.0,0.0,6.762,10.142,0.0,0.0,0.0,3.381,0.0,6.762,0.0,0.0,3.381,6.721,6.062,6.068,7.952,5.582
1,0.0,0.0,11.918,7.945,7.945,0.0,0.0,0.0,0.0,0.0,15.891,7.945,0.0,0.0,3.973,3.973,15.891,0.0,0.0,3.973,5.264,2.666,4.306,4.521,3.79
1,0.0,3.287,0.0,3.287,0.0,0.0,3.287,0.0,0.0,6.574,13.147,0.0,0.0,6.574,3.287,9.86,9.86,6.574,0.0,0.0,5.689,8.371,6.445,6.495,7.264
1,0.0,3.384,0.0,3.384,0.0,3.384,3.384,6.769,3.384,0.0,6.769,3.384,0.0,0.0,3.384,0.0,10.153,0.0,6.769,13.537,4.924,6.654,6.616,6.83,7.29
1,0.0,0.0,0.0,3.989,3.989,0.0,3.989,3.989,0.0,7.978,23.933,0.0,3.989,3.989,11.966,0.0,0.0,0.0,3.989,7.978,3.833,3.71,3.359,4.164,5.158
1,0.0,0.0,0.0,6.773,3.386,3.386,3.386,0.0,0.0,6.773,13.545,6.773,0.0,0.0,6.773,6.773,3.386,3.386,0.0,3.386,6.451,6.972,5.98,4.798,8.073
1,16.183,0.0,4.046,0.0,0.0,0.0,4.046,12.137,8.092,0.0,8.092,0.0,4.046,4.046,16.183,4.046,0.0,0.0,0.0,0.0,3.746,3.063,4.503,3.576,4.195
1,10.003,3.334,6.669,3.334,0.0,3.334,0.0,0.0,0.0,3.334,3.334,3.334,3.334,3.334,6.669,6.669,0.0,3.334,0.0,6.669,7.492,7.813,7.179,5.839,4.988
1,16.574,6.63,0.0,0.0,0.0,0.0,0.0,3.315,0.0,0.0,0.0,16.574,3.315,0.0,3.315,13.26,3.315,0.0,0.0,0.0,6.709,10.429,6.355,3.56,6.65
1,7.018,3.509,0.0,0.0,3.509,3.509,0.0,3.509,0.0,3.509,3.509,3.509,7.018,0.0,7.018,3.509,7.018,0.0,3.509,10.527,5.888,5.832,5.607,7.502,4.993
1,9.738,6.492,0.0,3.246,0.0,3.246,3.246,19.476,0.0,3.246,3.246,3.246,3.246,0.0,6.492,0.0,0.0,0.0,0.0,0.0,5.885,7.459,5.002,7.842,8.891
1,0.0,3.146,3.146,9.437,0.0,3.146,3.146,0.0,0.0,9.437,3.146,12.582,6.291,0.0,0.0,0.0,3.146,3.146,3.146,0.0,7.147,8.697,6.131,6.373,8.741
1,0.0,3.146,3.146,9.437,0.0,3.146,3.146,0.0,0.0,9.437,3.146,12.582,6.291,0.0,0.0,0.0,3.146,3.146,3.146,0.0,7.147,8.697,6.131,6.373,8.741
1,0.0,3.083,0.0,0.0,0.0,6.167,0.0,9.25,0.0,6.167,6.167,6.167,6.167,0.0,6.167,3.083,3.083,3.083,0.0,3.083,7.209,7.082,8.886,6.21,8.948
1,9.691,3.23,0.0,0.0,0.0,3.23,0.0,9.691,0.0,0.0,6.46,6.46,3.23,0.0,0.0,3.23,3.23,0.0,3.23,12.921,7.009,6.812,8.101,6.525,6.948
1,13.609,3.402,3.402,0.0,0.0,3.402,10.207,6.804,0.0,10.207,0.0,3.402,3.402,3.402,0.0,3.402,0.0,0.0,0.0,3.402,4.586,7.121,7.046,5.624,7.58
1,17.094,0.0,38.462,4.274,0.0,0.0,0.0,0.0,0.0,0.0,0.0,0.0,0.0,0.0,21.368,0.0,0.0,0.0,0.0,4.274,4.645,1.201,4.064,0.321,4.299
1,21.62,0.0,38.916,4.324,0.0,0.0,0.0,0.0,0.0,0.0,0.0,0.0,0.0,0.0,21.62,0.0,0.0,0.0,0.0,0.0,3.978,0.999,4.337,0.203,4.004
1,21.82,0.0,43.64,0.0,0.0,0.0,0.0,0.0,0.0,0.0,0.0,0.0,0.0,0.0,21.82,0.0,0.0,0.0,0.0,0.0,4.037,0.829,3.788,0.0,4.067
1,15.291,9.175,6.117,3.058,0.0,9.175,0.0,3.058,0.0,3.058,0.0,0.0,0.0,0.0,0.0,0.0,3.058,0.0,0.0,9.175,8.664,7.037,10.022,6.046,7.065
1,9.429,3.143,3.143,0.0,0.0,6.286,3.143,0.0,0.0,3.143,3.143,6.286,0.0,3.143,3.143,3.143,3.143,3.143,0.0,9.429,7.518,8.411,7.336,7.726,6.148
1,2.953,2.953,5.905,8.858,2.953,0.0,0.0,8.858,2.953,0.0,2.953,5.905,0.0,0.0,0.0,5.905,0.0,5.905,2.953,0.0,7.792,8.76,8.619,6.584,9.194
1,3.44,0.0,10.321,6.881,0.0,6.881,3.44,10.321,10.321,0.0,3.44,0.0,0.0,3.44,0.0,0.0,0.0,0.0,6.881,3.44,6.465,7.627,6.434,5.632,5.033
1,3.143,3.143,6.287,0.0,0.0,9.43,0.0,15.716,0.0,0.0,3.143,0.0,0.0,0.0,0.0,0.0,0.0,0.0,6.287,15.716,8.396,6.639,6.909,7.635,7.556
1,0.0,0.0,10.366,6.91,0.0,6.91,3.455,0.0,3.455,0.0,3.455,3.455,10.366,3.455,0.0,0.0,3.455,3.455,0.0,10.366,6.371,7.014,4.519,6.696,6.295
1,0.0,0.0,14.064,3.516,0.0,7.032,3.516,0.0,3.516,0.0,3.516,3.516,10.548,3.516,0.0,0.0,3.516,3.516,0.0,10.548,5.749,6.459,4.919,6.399,6.156
1,0.0,9.19,9.19,0.0,6.127,0.0,6.127,6.127,0.0,3.063,0.0,6.127,6.127,6.127,0.0,0.0,0.0,0.0,0.0,3.063,7.398,9.015,7.692,5.557,9.071
